3996.26329	0.00174
3994.33459	0.00155
3992.40589	0.00138
3990.47720	0.00122
3988.54850	0.00106
3986.61980	0.00090
3984.69110	0.00078
3982.76240	0.00070
3980.83370	0.00063
3978.90500	0.00055
3976.97631	0.00044
3975.04761	0.00029
3973.11891	0.00016
3971.19021	0.00009
3969.26151	0.00008
3967.33281	0.00007
3965.40411	0.00004
3963.47542	0.00000
3961.54672	-0.00001
3959.61802	0.00000
3957.68932	0.00001
3955.76062	-0.00003
3953.83192	-0.00010
3951.90323	-0.00012
3949.97453	-0.00009
3948.04583	-0.00005
3946.11713	-0.00002
3944.18843	0.00000
3942.25973	0.00002
3940.33103	0.00005
3938.40234	0.00009
3936.47364	0.00013
3934.54494	0.00015
3932.61624	0.00013
3930.68754	0.00015
3928.75884	0.00020
3926.83014	0.00014
3924.90145	0.00002
3922.97275	-0.00003
3921.04405	-0.00000
3919.11535	0.00002
3917.18665	0.00002
3915.25795	0.00005
3913.32926	0.00006
3911.40056	0.00001
3909.47186	-0.00002
3907.54316	0.00002
3905.61446	0.00008
3903.68576	0.00010
3901.75706	0.00008
3899.82837	0.00008
3897.89967	0.00012
3895.97097	0.00017
3894.04227	0.00021
3892.11357	0.00015
3890.18487	0.00013
3888.25617	0.00012
3886.32748	0.00006
3884.39878	0.00000
3882.47008	-0.00003
3880.54138	-0.00004
3878.61268	0.00004
3876.68398	0.00014
3874.75529	0.00019
3872.82659	0.00020
3870.89789	0.00013
3868.96919	0.00006
3867.04049	0.00012
3865.11179	0.00022
3863.18309	0.00025
3861.25440	0.00023
3859.32570	0.00026
3857.39700	0.00021
3855.46830	0.00015
3853.53960	0.00000
3851.61090	-0.00004
3849.68220	0.00001
3847.75351	0.00004
3845.82481	0.00002
3843.89611	-0.00003
3841.96741	0.00000
3840.03871	0.00008
3838.11001	0.00010
3836.18132	0.00011
3834.25262	0.00014
3832.32392	0.00017
3830.39522	0.00024
3828.46652	0.00028
3826.53782	0.00028
3824.60912	0.00031
3822.68043	0.00025
3820.75173	0.00016
3818.82303	0.00010
3816.89433	0.00010
3814.96563	0.00010
3813.03693	0.00011
3811.10823	0.00012
3809.17954	0.00013
3807.25084	0.00012
3805.32214	0.00009
3803.39344	0.00006
3801.46474	0.00010
3799.53604	0.00023
3797.60735	0.00031
3795.67865	0.00028
3793.74995	0.00025
3791.82125	0.00027
3789.89255	0.00027
3787.96385	0.00017
3786.03515	0.00009
3784.10646	0.00009
3782.17776	0.00010
3780.24906	0.00004
3778.32036	0.00000
3776.39166	0.00005
3774.46296	0.00009
3772.53426	0.00009
3770.60557	0.00004
3768.67687	0.00001
3766.74817	0.00005
3764.81947	0.00009
3762.89077	0.00014
3760.96207	0.00019
3759.03338	0.00019
3757.10468	0.00018
3755.17598	0.00021
3753.24728	0.00013
3751.31858	0.00005
3749.38988	0.00014
3747.46118	0.00025
3745.53249	0.00025
3743.60379	0.00017
3741.67509	0.00013
3739.74639	0.00012
3737.81769	0.00007
3735.88899	-0.00004
3733.96029	-0.00002
3732.03160	0.00007
3730.10290	0.00013
3728.17420	0.00015
3726.24550	0.00018
3724.31680	0.00021
3722.38810	0.00018
3720.45941	0.00018
3718.53071	0.00016
3716.60201	0.00013
3714.67331	0.00005
3712.74461	-0.00009
3710.81591	-0.00020
3708.88721	-0.00017
3706.95852	-0.00010
3705.02982	-0.00006
3703.10112	0.00000
3701.17242	0.00015
3699.24372	0.00029
3697.31502	0.00032
3695.38632	0.00029
3693.45763	0.00025
3691.52893	0.00017
3689.60023	0.00008
3687.67153	0.00011
3685.74283	0.00016
3683.81413	0.00009
3681.88544	-0.00001
3679.95674	-0.00009
3678.02804	-0.00018
3676.09934	-0.00027
3674.17064	-0.00016
3672.24194	-0.00006
3670.31324	-0.00011
3668.38455	-0.00017
3666.45585	-0.00014
3664.52715	-0.00011
3662.59845	-0.00004
3660.66975	0.00003
3658.74105	0.00004
3656.81235	-0.00001
3654.88366	0.00002
3652.95496	0.00008
3651.02626	0.00013
3649.09756	0.00012
3647.16886	0.00011
3645.24016	0.00013
3643.31147	0.00012
3641.38277	0.00007
3639.45407	0.00007
3637.52537	0.00010
3635.59667	0.00009
3633.66797	0.00006
3631.73927	0.00011
3629.81058	0.00012
3627.88188	0.00000
3625.95318	0.00003
3624.02448	0.00016
3622.09578	0.00030
3620.16708	0.00032
3618.23838	0.00024
3616.30969	0.00021
3614.38099	0.00019
3612.45229	0.00012
3610.52359	0.00001
3608.59489	-0.00007
3606.66619	-0.00006
3604.73750	-0.00004
3602.80880	-0.00008
3600.88010	-0.00012
3598.95140	-0.00009
3597.02270	-0.00002
3595.09400	-0.00000
3593.16530	0.00000
3591.23661	0.00003
3589.30791	0.00005
3587.37921	0.00009
3585.45051	0.00012
3583.52181	0.00016
3581.59311	0.00018
3579.66441	0.00010
3577.73572	0.00007
3575.80702	0.00008
3573.87832	0.00010
3571.94962	0.00012
3570.02092	0.00016
3568.09222	0.00015
3566.16353	0.00003
3564.23483	-0.00005
3562.30613	-0.00006
3560.37743	-0.00004
3558.44873	-0.00001
3556.52003	0.00002
3554.59133	0.00005
3552.66264	0.00007
3550.73394	0.00010
3548.80524	0.00014
3546.87654	0.00015
3544.94784	0.00005
3543.01914	-0.00002
3541.09044	-0.00002
3539.16175	0.00004
3537.23305	0.00003
3535.30435	-0.00005
3533.37565	-0.00006
3531.44695	0.00000
3529.51825	0.00002
3527.58956	-0.00003
3525.66086	-0.00002
3523.73216	0.00002
3521.80346	0.00006
3519.87476	0.00010
3517.94606	0.00011
3516.01736	0.00011
3514.08867	0.00014
3512.15997	0.00016
3510.23127	0.00010
3508.30257	0.00004
3506.37387	0.00002
3504.44517	-0.00000
3502.51647	-0.00004
3500.58778	-0.00008
3498.65908	-0.00010
3496.73038	-0.00012
3494.80168	-0.00011
3492.87298	-0.00006
3490.94428	-0.00002
3489.01559	-0.00001
3487.08689	-0.00001
3485.15819	0.00002
3483.22949	0.00005
3481.30079	0.00006
3479.37209	0.00009
3477.44339	0.00012
3475.51470	0.00007
3473.58600	-0.00001
3471.65730	-0.00006
3469.72860	-0.00008
3467.79990	-0.00010
3465.87120	-0.00014
3463.94250	-0.00017
3462.01381	-0.00016
3460.08511	-0.00013
3458.15641	-0.00010
3456.22771	-0.00007
3454.29901	-0.00004
3452.37031	0.00002
3450.44162	0.00007
3448.51292	0.00009
3446.58422	0.00008
3444.65552	0.00009
3442.72682	0.00012
3440.79812	0.00007
3438.86942	0.00003
3436.94073	-0.00003
3435.01203	-0.00004
3433.08333	-0.00001
3431.15463	-0.00001
3429.22593	-0.00003
3427.29723	-0.00004
3425.36853	-0.00002
3423.43984	0.00001
3421.51114	-0.00000
3419.58244	0.00000
3417.65374	0.00005
3415.72504	0.00011
3413.79634	0.00014
3411.86765	0.00012
3409.93895	0.00014
3408.01025	0.00016
3406.08155	0.00020
3404.15285	0.00018
3402.22415	0.00011
3400.29545	0.00005
3398.36676	0.00003
3396.43806	0.00000
3394.50936	-0.00003
3392.58066	-0.00003
3390.65196	-0.00003
3388.72326	0.00000
3386.79456	0.00004
3384.86587	0.00009
3382.93717	0.00015
3381.00847	0.00017
3379.07977	0.00016
3377.15107	0.00015
3375.22237	0.00016
3373.29368	0.00018
3371.36498	0.00014
3369.43628	0.00008
3367.50758	-0.00000
3365.57888	-0.00006
3363.65018	-0.00008
3361.72148	-0.00003
3359.79279	0.00002
3357.86409	0.00004
3355.93539	0.00002
3354.00669	-0.00001
3352.07799	-0.00001
3350.14929	0.00002
3348.22059	0.00006
3346.29190	0.00008
3344.36320	0.00009
3342.43450	0.00009
3340.50580	0.00012
3338.57710	0.00014
3336.64840	0.00006
3334.71971	0.00002
3332.79101	0.00002
3330.86231	0.00001
3328.93361	-0.00004
3327.00491	-0.00009
3325.07621	-0.00010
3323.14751	-0.00010
3321.21882	-0.00009
3319.29012	-0.00007
3317.36142	-0.00003
3315.43272	-0.00001
3313.50402	0.00000
3311.57532	0.00002
3309.64662	0.00007
3307.71793	0.00009
3305.78923	0.00009
3303.86053	0.00012
3301.93183	0.00009
3300.00313	0.00009
3298.07443	0.00005
3296.14574	-0.00002
3294.21704	-0.00004
3292.28834	-0.00002
3290.35964	-0.00001
3288.43094	-0.00002
3286.50224	-0.00002
3284.57354	-0.00002
3282.64485	0.00000
3280.71615	0.00004
3278.78745	0.00010
3276.85875	0.00013
3274.93005	0.00012
3273.00135	0.00011
3271.07265	0.00013
3269.14396	0.00015
3267.21526	0.00019
3265.28656	0.00017
3263.35786	0.00007
3261.42916	-0.00003
3259.50046	-0.00006
3257.57177	-0.00004
3255.64307	-0.00002
3253.71437	-0.00002
3251.78567	-0.00004
3249.85697	-0.00003
3247.92827	-0.00001
3245.99957	0.00003
3244.07088	0.00003
3242.14218	0.00005
3240.21348	0.00007
3238.28478	0.00010
3236.35608	0.00013
3234.42738	0.00012
3232.49868	0.00000
3230.56999	-0.00008
3228.64129	-0.00008
3226.71259	-0.00004
3224.78389	-0.00002
3222.85519	-0.00005
3220.92649	-0.00008
3218.99780	-0.00010
3217.06910	-0.00008
3215.14040	-0.00005
3213.21170	-0.00002
3211.28300	-0.00001
3209.35430	0.00000
3207.42560	0.00002
3205.49691	0.00008
3203.56821	0.00012
3201.63951	0.00010
3199.71081	0.00010
3197.78211	0.00006
3195.85341	0.00002
3193.92471	-0.00001
3191.99602	-0.00003
3190.06732	-0.00006
3188.13862	-0.00009
3186.20992	-0.00007
3184.28122	-0.00005
3182.35252	-0.00003
3180.42383	-0.00001
3178.49513	0.00003
3176.56643	0.00008
3174.63773	0.00010
3172.70903	0.00009
3170.78033	0.00007
3168.85163	0.00009
3166.92294	0.00012
3164.99424	0.00015
3163.06554	0.00015
3161.13684	0.00011
3159.20814	0.00007
3157.27944	0.00004
3155.35075	-0.00001
3153.42205	-0.00007
3151.49335	-0.00010
3149.56465	-0.00008
3147.63595	-0.00006
3145.70725	-0.00004
3143.77855	-0.00002
3141.84986	0.00001
3139.92116	0.00002
3137.99246	0.00003
3136.06376	0.00005
3134.13506	0.00008
3132.20636	0.00011
3130.27766	0.00012
3128.34897	0.00003
3126.42027	-0.00002
3124.49157	-0.00005
3122.56287	-0.00009
3120.63417	-0.00014
3118.70547	-0.00016
3116.77678	-0.00014
3114.84808	-0.00012
3112.91938	-0.00005
3110.99068	0.00012
3109.06198	0.00032
3107.13328	0.00051
3105.20458	0.00066
3103.27589	0.00068
3101.34719	0.00053
3099.41849	0.00029
3097.48979	0.00011
3095.56109	0.00005
3093.63239	0.00007
3091.70369	0.00041
3089.77500	0.00108
3087.84630	0.00200
3085.91760	0.00300
3083.98890	0.00375
3082.06020	0.00393
3080.13150	0.00344
3078.20281	0.00257
3076.27411	0.00176
3074.34541	0.00126
3072.41671	0.00115
3070.48801	0.00137
3068.55931	0.00190
3066.63061	0.00279
3064.70192	0.00399
3062.77322	0.00518
3060.84452	0.00593
3058.91582	0.00594
3056.98712	0.00519
3055.05842	0.00400
3053.12972	0.00278
3051.20103	0.00169
3049.27233	0.00083
3047.34363	0.00025
3045.41493	-0.00000
3043.48623	0.00001
3041.55753	0.00035
3039.62884	0.00100
3037.70014	0.00204
3035.77144	0.00361
3033.84274	0.00580
3031.91404	0.00860
3029.98534	0.01177
3028.05664	0.01464
3026.12795	0.01637
3024.19925	0.01623
3022.27055	0.01414
3020.34185	0.01090
3018.41315	0.00758
3016.48445	0.00487
3014.55575	0.00296
3012.62706	0.00175
3010.69836	0.00111
3008.76966	0.00095
3006.84096	0.00111
3004.91226	0.00146
3002.98356	0.00182
3001.05487	0.00194
2999.12617	0.00171
2997.19747	0.00119
2995.26877	0.00064
2993.34007	0.00021
2991.41137	0.00000
2989.48267	-0.00012
2987.55398	-0.00012
2985.62528	-0.00010
2983.69658	-0.00010
2981.76788	-0.00010
2979.83918	-0.00008
2977.91048	-0.00007
2975.98178	-0.00004
2974.05309	-0.00003
2972.12439	-0.00002
2970.19569	0.00000
2968.26699	0.00012
2966.33829	0.00031
2964.40959	0.00053
2962.48090	0.00077
2960.55220	0.00105
2958.62350	0.00132
2956.69480	0.00164
2954.76610	0.00203
2952.83740	0.00245
2950.90870	0.00290
2948.98001	0.00345
2947.05131	0.00416
2945.12261	0.00509
2943.19391	0.00621
2941.26521	0.00755
2939.33651	0.00912
2937.40781	0.01090
2935.47912	0.01286
2933.55042	0.01495
2931.62172	0.01707
2929.69302	0.01907
2927.76432	0.02081
2925.83562	0.02219
2923.90693	0.02309
2921.97823	0.02346
2920.04953	0.02330
2918.12083	0.02268
2916.19213	0.02171
2914.26343	0.02047
2912.33473	0.01903
2910.40604	0.01749
2908.47734	0.01593
2906.54864	0.01440
2904.61994	0.01285
2902.69124	0.01131
2900.76254	0.00980
2898.83384	0.00835
2896.90515	0.00702
2894.97645	0.00588
2893.04775	0.00492
2891.11905	0.00409
2889.19035	0.00334
2887.26165	0.00266
2885.33296	0.00208
2883.40426	0.00161
2881.47556	0.00123
2879.54686	0.00088
2877.61816	0.00059
2875.68946	0.00037
2873.76076	0.00025
2871.83207	0.00022
2869.90337	0.00027
2867.97467	0.00044
2866.04597	0.00076
2864.11727	0.00127
2862.18857	0.00202
2860.25987	0.00303
2858.33118	0.00423
2856.40248	0.00550
2854.47378	0.00668
2852.54508	0.00759
2850.61638	0.00813
2848.68768	0.00828
2846.75899	0.00799
2844.83029	0.00727
2842.90159	0.00621
2840.97289	0.00495
2839.04419	0.00364
2837.11549	0.00244
2835.18679	0.00149
2833.25810	0.00080
2831.32940	0.00035
2829.40070	0.00009
2827.47200	-0.00003
2825.54330	-0.00004
2823.61460	-0.00003
2821.68590	-0.00001
2819.75721	0.00000
2817.82851	0.00002
2815.89981	-0.00004
2813.97111	-0.00011
2812.04241	-0.00015
2810.11371	-0.00015
2808.18502	-0.00015
2806.25632	-0.00015
2804.32762	-0.00014
2802.39892	-0.00012
2800.47022	-0.00010
2798.54152	-0.00009
2796.61282	-0.00009
2794.68413	-0.00007
2792.75543	-0.00006
2790.82673	-0.00005
2788.89803	-0.00004
2786.96933	-0.00003
2785.04063	-0.00001
2783.11193	0.00000
2781.18324	-0.00002
2779.25454	-0.00005
2777.32584	-0.00009
2775.39714	-0.00012
2773.46844	-0.00013
2771.53974	-0.00012
2769.61105	-0.00008
2767.68235	-0.00007
2765.75365	-0.00009
2763.82495	-0.00008
2761.89625	-0.00006
2759.96755	-0.00005
2758.03885	-0.00004
2756.11016	-0.00003
2754.18146	-0.00002
2752.25276	-0.00001
2750.32406	0.00000
2748.39536	0.00001
2746.46666	-0.00002
2744.53796	-0.00006
2742.60927	-0.00009
2740.68057	-0.00011
2738.75187	-0.00010
2736.82317	-0.00009
2734.89447	-0.00007
2732.96577	-0.00007
2731.03708	-0.00007
2729.10838	-0.00006
2727.17968	-0.00004
2725.25098	-0.00003
2723.32228	-0.00003
2721.39358	-0.00003
2719.46488	-0.00002
2717.53619	-0.00001
2715.60749	0.00000
2713.67879	0.00001
2711.75009	-0.00004
2709.82139	-0.00009
2707.89269	-0.00013
2705.96399	-0.00015
2704.03530	-0.00014
2702.10660	-0.00013
2700.17790	-0.00011
2698.24920	-0.00010
2696.32050	-0.00009
2694.39180	-0.00008
2692.46311	-0.00007
2690.53441	-0.00006
2688.60571	-0.00005
2686.67701	-0.00003
2684.74831	-0.00002
2682.81961	-0.00001
2680.89091	-0.00001
2678.96222	0.00000
2677.03352	-0.00006
2675.10482	-0.00010
2673.17612	-0.00010
2671.24742	-0.00009
2669.31872	-0.00009
2667.39002	-0.00009
2665.46133	-0.00009
2663.53263	-0.00008
2661.60393	-0.00002
2659.67523	0.00001
2657.74653	0.00000
2655.81783	-0.00000
2653.88914	-0.00000
2651.96044	-0.00001
2650.03174	-0.00002
2648.10304	-0.00002
2646.17434	-0.00001
2644.24564	0.00000
2642.31694	-0.00003
2640.38825	-0.00005
2638.45955	-0.00006
2636.53085	-0.00006
2634.60215	-0.00003
2632.67345	-0.00001
2630.74475	-0.00003
2628.81605	-0.00006
2626.88736	-0.00006
2624.95866	-0.00005
2623.02996	-0.00004
2621.10126	-0.00004
2619.17256	-0.00003
2617.24386	-0.00002
2615.31517	-0.00002
2613.38647	-0.00001
2611.45777	0.00000
2609.52907	0.00001
2607.60037	0.00003
2605.67167	0.00002
2603.74297	-0.00001
2601.81428	-0.00006
2599.88558	-0.00009
2597.95688	-0.00008
2596.02818	-0.00007
2594.09948	-0.00008
2592.17078	-0.00007
2590.24208	-0.00006
2588.31339	-0.00005
2586.38469	-0.00002
2584.45599	0.00002
2582.52729	0.00004
2580.59859	0.00004
2578.66989	0.00002
2576.74120	0.00000
2574.81250	0.00001
2572.88380	-0.00004
2570.95510	-0.00007
2569.02640	-0.00008
2567.09770	-0.00007
2565.16900	-0.00007
2563.24031	-0.00006
2561.31161	-0.00003
2559.38291	0.00001
2557.45421	0.00001
2555.52551	-0.00002
2553.59681	-0.00003
2551.66811	-0.00001
2549.73942	-0.00000
2547.81072	0.00000
2545.88202	0.00001
2543.95332	0.00002
2542.02462	0.00002
2540.09592	0.00004
2538.16723	0.00002
2536.23853	0.00000
2534.30983	-0.00002
2532.38113	-0.00006
2530.45243	-0.00005
2528.52373	-0.00002
2526.59503	-0.00001
2524.66634	-0.00003
2522.73764	-0.00003
2520.80894	-0.00001
2518.88024	0.00002
2516.95154	-0.00000
2515.02284	-0.00001
2513.09414	-0.00000
2511.16545	0.00002
2509.23675	0.00004
2507.30805	0.00004
2505.37935	0.00002
2503.45065	-0.00001
2501.52195	0.00001
2499.59326	0.00002
2497.66456	0.00000
2495.73586	-0.00002
2493.80716	-0.00002
2491.87846	0.00001
2489.94976	0.00005
2488.02106	0.00005
2486.09237	0.00001
2484.16367	0.00002
2482.23497	0.00006
2480.30627	0.00008
2478.37757	0.00004
2476.44887	0.00005
2474.52017	0.00008
2472.59148	0.00009
2470.66278	0.00008
2468.73408	0.00005
2466.80538	0.00003
2464.87668	0.00000
2462.94798	0.00001
2461.01929	0.00003
2459.09059	0.00008
2457.16189	0.00008
2455.23319	0.00007
2453.30449	0.00008
2451.37579	0.00007
2449.44709	0.00005
2447.51840	0.00005
2445.58970	0.00005
2443.66100	0.00005
2441.73230	0.00006
2439.80360	0.00008
2437.87490	0.00009
2435.94620	0.00009
2434.01751	0.00004
2432.08881	0.00003
2430.16011	0.00002
2428.23141	0.00003
2426.30271	0.00005
2424.37401	0.00007
2422.44532	0.00005
2420.51662	0.00005
2418.58792	0.00005
2416.65922	0.00005
2414.73052	0.00005
2412.80182	0.00006
2410.87312	0.00008
2408.94443	0.00010
2407.01573	0.00010
2405.08703	0.00007
2403.15833	0.00007
2401.22963	0.00007
2399.30093	0.00007
2397.37223	0.00007
2395.44354	0.00008
2393.51484	0.00008
2391.58614	0.00012
2389.65744	0.00018
2387.72874	0.00024
2385.80004	0.00026
2383.87135	0.00028
2381.94265	0.00029
2380.01395	0.00028
2378.08525	0.00025
2376.15655	0.00024
2374.22785	0.00025
2372.29915	0.00025
2370.37046	0.00018
2368.44176	0.00003
2366.51306	0.00003
2364.58436	0.00018
2362.65566	0.00026
2360.72696	0.00011
2358.79826	0.00003
2356.86957	0.00003
2354.94087	0.00010
2353.01217	0.00031
2351.08347	0.00053
2349.15477	0.00059
2347.22607	0.00048
2345.29738	0.00033
2343.36868	0.00023
2341.43998	0.00017
2339.51128	0.00014
2337.58258	0.00022
2335.65388	0.00035
2333.72518	0.00035
2331.79649	0.00016
2329.86779	0.00000
2327.93909	0.00008
2326.01039	0.00044
2324.08169	0.00076
2322.15299	0.00077
2320.22429	0.00053
2318.29560	0.00027
2316.36690	0.00012
2314.43820	0.00010
2312.50950	0.00009
2310.58080	0.00005
2308.65210	0.00001
2306.72341	0.00001
2304.79471	0.00003
2302.86601	0.00003
2300.93731	0.00002
2299.00861	0.00002
2297.07991	0.00002
2295.15121	0.00006
2293.22252	0.00015
2291.29382	0.00023
2289.36512	0.00028
2287.43642	0.00029
2285.50772	0.00027
2283.57902	0.00021
2281.65032	0.00015
2279.72163	0.00010
2277.79293	0.00005
2275.86423	0.00001
2273.93553	0.00000
2272.00683	0.00000
2270.07813	0.00000
2268.14944	0.00000
2266.22074	0.00004
2264.29204	0.00007
2262.36334	0.00005
2260.43464	0.00006
2258.50594	0.00015
2256.57724	0.00019
2254.64855	0.00010
2252.71985	-0.00000
2250.79115	-0.00000
2248.86245	0.00001
2246.93375	0.00003
2245.00505	0.00006
2243.07635	0.00011
2241.14766	0.00010
2239.21896	0.00005
2237.29026	0.00000
2235.36156	0.00000
2233.43286	0.00006
2231.50416	0.00016
2229.57547	0.00021
2227.64677	0.00017
2225.71807	0.00009
2223.78937	0.00001
2221.86067	-0.00000
2219.93197	0.00002
2218.00327	0.00012
2216.07458	0.00015
2214.14588	0.00012
2212.21718	0.00012
2210.28848	0.00018
2208.35978	0.00022
2206.43108	0.00015
2204.50238	0.00005
2202.57369	0.00000
2200.64499	0.00005
2198.71629	0.00015
2196.78759	0.00013
2194.85889	0.00008
2192.93019	0.00022
2191.00150	0.00049
2189.07280	0.00064
2187.14410	0.00068
2185.21540	0.00072
2183.28670	0.00070
2181.35800	0.00061
2179.42930	0.00065
2177.50061	0.00074
2175.57191	0.00071
2173.64321	0.00079
2171.71451	0.00123
2169.78581	0.00177
2167.85711	0.00213
2165.92841	0.00232
2163.99972	0.00258
2162.07102	0.00273
2160.14232	0.00199
2158.21362	0.00056
2156.28492	0.00000
2154.35622	0.00013
2152.42753	0.00042
2150.49883	0.00066
2148.57013	0.00069
2146.64143	0.00043
2144.71273	0.00025
2142.78403	0.00036
2140.85533	0.00049
2138.92664	0.00051
2136.99794	0.00044
2135.06924	0.00021
2133.14054	-0.00001
2131.21184	-0.00001
2129.28314	0.00009
2127.35444	0.00022
2125.42575	0.00034
2123.49705	0.00043
2121.56835	0.00047
2119.63965	0.00052
2117.71095	0.00066
2115.78225	0.00082
2113.85356	0.00086
2111.92486	0.00080
2109.99616	0.00071
2108.06746	0.00065
2106.13876	0.00058
2104.21006	0.00051
2102.28136	0.00051
2100.35267	0.00051
2098.42397	0.00042
2096.49527	0.00021
2094.56657	0.00002
2092.63787	0.00000
2090.70917	0.00003
2088.78047	0.00014
2086.85178	0.00023
2084.92308	0.00021
2082.99438	0.00013
2081.06568	0.00012
2079.13698	0.00018
2077.20828	0.00027
2075.27959	0.00032
2073.35089	0.00026
2071.42219	0.00012
2069.49349	0.00002
2067.56479	0.00000
2065.63609	0.00002
2063.70739	0.00002
2061.77870	-0.00001
2059.85000	-0.00001
2057.92130	0.00005
2055.99260	0.00017
2054.06390	0.00034
2052.13520	0.00065
2050.20650	0.00080
2048.27781	0.00059
2046.34911	0.00041
2044.42041	0.00046
2042.49171	0.00046
2040.56301	0.00036
2038.63431	0.00037
2036.70562	0.00051
2034.77692	0.00052
2032.84822	0.00032
2030.91952	0.00011
2028.99082	0.00000
2027.06212	0.00000
2025.13342	0.00007
2023.20473	0.00020
2021.27603	0.00023
2019.34733	0.00018
2017.41863	0.00012
2015.48993	0.00015
2013.56123	0.00023
2011.63253	0.00027
2009.70384	0.00028
2007.77514	0.00018
2005.84644	0.00000
2003.91774	0.00000
2001.98904	0.00012
2000.06034	0.00028
1998.13165	0.00038
1996.20295	0.00038
1994.27425	0.00037
1992.34555	0.00042
1990.41685	0.00055
1988.48815	0.00073
1986.55945	0.00080
1984.63076	0.00075
1982.70206	0.00089
1980.77336	0.00122
1978.84466	0.00112
1976.91596	0.00049
1974.98726	0.00003
1973.05856	0.00000
1971.12987	0.00003
1969.20117	0.00002
1967.27247	-0.00002
1965.34377	0.00007
1963.41507	0.00038
1961.48637	0.00050
1959.55768	0.00033
1957.62898	0.00023
1955.70028	0.00039
1953.77158	0.00064
1951.84288	0.00087
1949.91418	0.00114
1947.98548	0.00140
1946.05679	0.00156
1944.12809	0.00166
1942.19939	0.00172
1940.27069	0.00164
1938.34199	0.00140
1936.41329	0.00104
1934.48459	0.00072
1932.55590	0.00051
1930.62720	0.00035
1928.69850	0.00024
1926.76980	0.00016
1924.84110	0.00006
1922.91240	0.00000
1920.98371	-0.00000
1919.05501	0.00001
1917.12631	-0.00002
1915.19761	-0.00001
1913.26891	0.00001
1911.34021	0.00001
1909.41151	0.00000
1907.48282	0.00004
1905.55412	0.00003
1903.62542	-0.00001
1901.69672	-0.00001
1899.76802	-0.00001
1897.83932	0.00000
1895.91062	0.00001
1893.98193	0.00006
1892.05323	0.00016
1890.12453	0.00024
1888.19583	0.00030
1886.26713	0.00043
1884.33843	0.00058
1882.40974	0.00068
1880.48104	0.00074
1878.55234	0.00085
1876.62364	0.00096
1874.69494	0.00100
1872.76624	0.00102
1870.83754	0.00105
1868.90885	0.00101
1866.98015	0.00096
1865.05145	0.00094
1863.12275	0.00086
1861.19405	0.00071
1859.26535	0.00054
1857.33665	0.00038
1855.40796	0.00024
1853.47926	0.00014
1851.55056	0.00006
1849.62186	0.00004
1847.69316	0.00003
1845.76446	0.00003
1843.83577	0.00005
1841.90707	0.00008
1839.97837	0.00010
1838.04967	0.00006
1836.12097	0.00002
1834.19227	0.00001
1832.26357	0.00001
1830.33488	0.00000
1828.40618	-0.00001
1826.47748	-0.00001
1824.54878	0.00003
1822.62008	0.00007
1820.69138	0.00008
1818.76268	0.00007
1816.83399	0.00011
1814.90529	0.00025
1812.97659	0.00045
1811.04789	0.00064
1809.11919	0.00079
1807.19049	0.00093
1805.26180	0.00109
1803.33310	0.00122
1801.40440	0.00126
1799.47570	0.00117
1797.54700	0.00103
1795.61830	0.00088
1793.68960	0.00069
1791.76091	0.00043
1789.83221	0.00024
1787.90351	0.00012
1785.97481	0.00003
1784.04611	0.00000
1782.11741	-0.00001
1780.18871	-0.00000
1778.26002	0.00000
1776.33132	-0.00001
1774.40262	0.00001
1772.47392	-0.00000
1770.54522	-0.00001
1768.61652	-0.00002
1766.68783	-0.00003
1764.75913	-0.00004
1762.83043	-0.00005
1760.90173	-0.00003
1758.97303	0.00003
1757.04433	0.00014
1755.11563	0.00028
1753.18694	0.00040
1751.25824	0.00054
1749.32954	0.00074
1747.40084	0.00088
1745.47214	0.00091
1743.54344	0.00087
1741.61474	0.00078
1739.68605	0.00068
1737.75735	0.00059
1735.82865	0.00050
1733.89995	0.00026
1731.97125	0.00009
1730.04255	0.00009
1728.11386	0.00011
1726.18516	0.00013
1724.25646	0.00013
1722.32776	0.00015
1720.39906	0.00019
1718.47036	0.00012
1716.54166	0.00000
1714.61297	-0.00001
1712.68427	0.00005
1710.75557	0.00004
1708.82687	0.00000
1706.89817	-0.00002
1704.96947	0.00001
1703.04077	0.00000
1701.11208	-0.00001
1699.18338	0.00002
1697.25468	0.00002
1695.32598	-0.00003
1693.39728	-0.00004
1691.46858	-0.00005
1689.53989	-0.00005
1687.61119	-0.00004
1685.68249	-0.00003
1683.75379	0.00006
1681.82509	0.00014
1679.89639	0.00020
1677.96769	0.00028
1676.03900	0.00039
1674.11030	0.00050
1672.18160	0.00055
1670.25290	0.00060
1668.32420	0.00070
1666.39550	0.00079
1664.46680	0.00080
1662.53811	0.00076
1660.60941	0.00076
1658.68071	0.00080
1656.75201	0.00082
1654.82331	0.00072
1652.89461	0.00045
1650.96592	0.00042
1649.03722	0.00049
1647.10852	0.00039
1645.17982	0.00032
1643.25112	0.00040
1641.32242	0.00051
1639.39372	0.00055
1637.46503	0.00045
1635.53633	0.00012
1633.60763	0.00004
1631.67893	0.00013
1629.75023	0.00019
1627.82153	0.00013
1625.89283	0.00006
1623.96414	0.00000
1622.03544	-0.00002
1620.10674	-0.00003
1618.17804	-0.00004
1616.24934	-0.00005
1614.32064	0.00020
1612.39195	0.00076
1610.46325	0.00183
1608.53455	0.00401
1606.60585	0.00747
1604.67715	0.01162
1602.74845	0.01526
1600.81975	0.01654
1598.89106	0.01487
1596.96236	0.01155
1595.03366	0.00815
1593.10496	0.00571
1591.17626	0.00427
1589.24756	0.00365
1587.31886	0.00396
1585.39017	0.00497
1583.46147	0.00569
1581.53277	0.00526
1579.60407	0.00404
1577.67537	0.00259
1575.74667	0.00113
1573.81798	0.00051
1571.88928	0.00044
1569.96058	0.00027
1568.03188	0.00006
1566.10318	0.00006
1564.17448	0.00007
1562.24578	0.00015
1560.31709	0.00019
1558.38839	0.00000
1556.45969	0.00002
1554.53099	0.00021
1552.60229	0.00041
1550.67359	0.00062
1548.74490	0.00082
1546.81620	0.00099
1544.88750	0.00110
1542.95880	0.00111
1541.03010	0.00090
1539.10140	0.00062
1537.17270	0.00066
1535.24401	0.00068
1533.31531	0.00047
1531.38661	0.00028
1529.45791	0.00026
1527.52921	0.00022
1525.60051	0.00014
1523.67181	0.00009
1521.74312	0.00003
1519.81442	0.00002
1517.88572	0.00000
1515.95702	-0.00001
1514.02832	-0.00003
1512.09962	-0.00003
1510.17093	-0.00005
1508.24223	-0.00007
1506.31353	0.00013
1504.38483	0.00070
1502.45613	0.00151
1500.52743	0.00343
1498.59873	0.00924
1496.67004	0.02321
1494.74134	0.03819
1492.81264	0.04524
1490.88394	0.04157
1488.95524	0.02650
1487.02654	0.01429
1485.09784	0.00891
1483.16915	0.00572
1481.24045	0.00335
1479.31175	0.00181
1477.38305	0.00098
1475.45435	0.00041
1473.52565	0.00003
1471.59696	0.00001
1469.66826	0.00028
1467.73956	0.00054
1465.81086	0.00087
1463.88216	0.00141
1461.95346	0.00214
1460.02476	0.00345
1458.09607	0.00974
1456.16737	0.02656
1454.23867	0.03889
1452.30997	0.04392
1450.38127	0.04315
1448.45257	0.03742
1446.52387	0.03048
1444.59518	0.02537
1442.66648	0.02131
1440.73778	0.01788
1438.80908	0.01505
1436.88038	0.01166
1434.95168	0.00834
1433.02299	0.00636
1431.09429	0.00473
1429.16559	0.00314
1427.23689	0.00210
1425.30819	0.00147
1423.37949	0.00099
1421.45079	0.00069
1419.52210	0.00041
1417.59340	0.00014
1415.66470	0.00009
1413.73600	0.00008
1411.80730	0.00006
1409.87860	0.00005
1407.94990	0.00006
1406.02121	0.00004
1404.09251	0.00000
1402.16381	-0.00002
1400.23511	-0.00003
1398.30641	-0.00005
1396.37771	-0.00008
1394.44902	-0.00008
1392.52032	0.00009
1390.59162	0.00036
1388.66292	0.00074
1386.73422	0.00129
1384.80552	0.00187
1382.87682	0.00240
1380.94813	0.00295
1379.01943	0.00352
1377.09073	0.00402
1375.16203	0.00432
1373.23333	0.00434
1371.30463	0.00420
1369.37593	0.00400
1367.44724	0.00378
1365.51854	0.00355
1363.58984	0.00322
1361.66114	0.00275
1359.73244	0.00237
1357.80374	0.00207
1355.87505	0.00180
1353.94635	0.00162
1352.01765	0.00152
1350.08895	0.00143
1348.16025	0.00128
1346.23155	0.00106
1344.30285	0.00082
1342.37416	0.00055
1340.44546	0.00025
1338.51676	0.00003
1336.58806	0.00001
1334.65936	0.00021
1332.73066	0.00053
1330.80196	0.00086
1328.87327	0.00102
1326.94457	0.00098
1325.01587	0.00080
1323.08717	0.00061
1321.15847	0.00048
1319.22977	0.00045
1317.30108	0.00059
1315.37238	0.00083
1313.44368	0.00103
1311.51498	0.00109
1309.58628	0.00102
1307.65758	0.00087
1305.72888	0.00067
1303.80019	0.00047
1301.87149	0.00026
1299.94279	0.00009
1298.01409	0.00000
1296.08539	-0.00002
1294.15669	-0.00000
1292.22799	0.00001
1290.29930	0.00001
1288.37060	0.00000
1286.44190	-0.00002
1284.51320	-0.00001
1282.58450	0.00006
1280.65580	0.00011
1278.72711	0.00009
1276.79841	0.00002
1274.86971	-0.00007
1272.94101	-0.00014
1271.01231	-0.00016
1269.08361	-0.00018
1267.15491	-0.00020
1265.22622	-0.00022
1263.29752	-0.00023
1261.36882	-0.00022
1259.44012	-0.00018
1257.51142	-0.00014
1255.58272	-0.00008
1253.65402	0.00000
1251.72533	-0.00002
1249.79663	-0.00004
1247.86793	-0.00006
1245.93923	-0.00008
1244.01053	-0.00010
1242.08183	-0.00013
1240.15314	-0.00015
1238.22444	-0.00017
1236.29574	-0.00019
1234.36704	-0.00021
1232.43834	-0.00022
1230.50964	-0.00024
1228.58094	-0.00023
1226.65225	-0.00018
1224.72355	-0.00013
1222.79485	-0.00004
1220.86615	0.00007
1218.93745	0.00019
1217.00875	0.00032
1215.08005	0.00050
1213.15136	0.00076
1211.22266	0.00110
1209.29396	0.00150
1207.36526	0.00194
1205.43656	0.00240
1203.50786	0.00280
1201.57917	0.00304
1199.65047	0.00310
1197.72177	0.00299
1195.79307	0.00277
1193.86437	0.00247
1191.93567	0.00212
1190.00697	0.00183
1188.07828	0.00177
1186.14958	0.00205
1184.22088	0.00257
1182.29218	0.00298
1180.36348	0.00287
1178.43478	0.00209
1176.50608	0.00105
1174.57739	0.00029
1172.64869	0.00000
1170.71999	-0.00002
1168.79129	-0.00002
1166.86259	0.00012
1164.93389	0.00045
1163.00520	0.00103
1161.07650	0.00200
1159.14780	0.00344
1157.21910	0.00521
1155.29040	0.00672
1153.36170	0.00730
1151.43300	0.00685
1149.50431	0.00583
1147.57561	0.00475
1145.64691	0.00381
1143.71821	0.00301
1141.78951	0.00230
1139.86081	0.00166
1137.93211	0.00112
1136.00342	0.00071
1134.07472	0.00040
1132.14602	0.00017
1130.21732	0.00004
1128.28862	0.00001
1126.35992	-0.00001
1124.43123	-0.00003
1122.50253	-0.00005
1120.57383	-0.00003
1118.64513	0.00011
1116.71643	0.00029
1114.78773	0.00044
1112.85903	0.00048
1110.93034	0.00045
1109.00164	0.00036
1107.07294	0.00022
1105.14424	0.00009
1103.21554	0.00002
1101.28684	0.00000
1099.35814	0.00004
1097.42945	0.00011
1095.50075	0.00015
1093.57205	0.00015
1091.64335	0.00015
1089.71465	0.00023
1087.78595	0.00042
1085.85726	0.00075
1083.92856	0.00117
1081.99986	0.00164
1080.07116	0.00209
1078.14246	0.00258
1076.21376	0.00327
1074.28506	0.00416
1072.35637	0.00508
1070.42767	0.00580
1068.49897	0.00613
1066.57027	0.00588
1064.64157	0.00510
1062.71287	0.00407
1060.78417	0.00312
1058.85548	0.00238
1056.92678	0.00185
1054.99808	0.00145
1053.06938	0.00114
1051.14068	0.00089
1049.21198	0.00072
1047.28329	0.00068
1045.35459	0.00071
1043.42589	0.00078
1041.49719	0.00095
1039.56849	0.00149
1037.63979	0.00280
1035.71109	0.00521
1033.78240	0.00876
1031.85370	0.01284
1029.92500	0.01621
1027.99630	0.01762
1026.06760	0.01662
1024.13890	0.01409
1022.21020	0.01143
1020.28151	0.00939
1018.35281	0.00790
1016.42411	0.00676
1014.49541	0.00589
1012.56671	0.00519
1010.63801	0.00466
1008.70932	0.00436
1006.78062	0.00437
1004.85192	0.00457
1002.92322	0.00452
1000.99452	0.00389
999.06582	0.00288
997.13712	0.00199
995.20843	0.00142
993.27973	0.00108
991.35103	0.00087
989.42233	0.00079
987.49363	0.00091
985.56493	0.00122
983.63623	0.00165
981.70754	0.00207
979.77884	0.00241
977.85014	0.00267
975.92144	0.00293
973.99274	0.00332
972.06404	0.00402
970.13535	0.00506
968.20665	0.00617
966.27795	0.00695
964.34925	0.00702
962.42055	0.00624
960.49185	0.00480
958.56315	0.00313
956.63446	0.00170
954.70576	0.00073
952.77706	0.00021
950.84836	0.00003
948.91966	0.00008
946.99096	0.00031
945.06226	0.00064
943.13357	0.00090
941.20487	0.00097
939.27617	0.00084
937.34747	0.00057
935.41877	0.00030
933.49007	0.00013
931.56138	0.00005
929.63268	0.00003
927.70398	0.00000
925.77528	0.00014
923.84658	0.00042
921.91788	0.00086
919.98918	0.00152
918.06049	0.00246
916.13179	0.00381
914.20309	0.00562
912.27439	0.00773
910.34569	0.00981
908.41699	0.01142
906.48829	0.01202
904.55960	0.01139
902.63090	0.00972
900.70220	0.00747
898.77350	0.00519
896.84480	0.00335
894.91610	0.00213
892.98741	0.00139
891.05871	0.00090
889.13001	0.00061
887.20131	0.00043
885.27261	0.00030
883.34391	0.00018
881.41521	0.00012
879.48652	0.00009
877.55782	0.00010
875.62912	0.00012
873.70042	0.00015
871.77172	0.00021
869.84302	0.00019
867.91432	0.00016
865.98563	0.00013
864.05693	0.00014
862.12823	0.00014
860.19953	0.00008
858.27083	0.00003
856.34213	0.00000
854.41344	0.00012
852.48474	0.00041
850.55604	0.00085
848.62734	0.00153
846.69864	0.00243
844.76994	0.00333
842.84124	0.00390
840.91255	0.00405
838.98385	0.00377
837.05515	0.00305
835.12645	0.00211
833.19775	0.00130
831.26905	0.00078
829.34035	0.00044
827.41166	0.00021
825.48296	0.00012
823.55426	0.00011
821.62556	0.00011
819.69686	0.00010
817.76816	0.00002
815.83947	-0.00002
813.91077	-0.00004
811.98207	-0.00007
810.05337	-0.00005
808.12467	-0.00006
806.19597	-0.00005
804.26727	0.00004
802.33858	0.00020
800.40988	0.00014
798.48118	0.00008
796.55248	0.00005
794.62378	0.00008
792.69508	0.00022
790.76638	0.00051
788.83769	0.00102
786.90899	0.00169
784.98029	0.00248
783.05159	0.00345
781.12289	0.00480
779.19419	0.00670
777.26550	0.00920
775.33680	0.01229
773.40810	0.01599
771.47940	0.02031
769.55070	0.02517
767.62200	0.03024
765.69330	0.03525
763.76461	0.04027
761.83591	0.04537
759.90721	0.05026
757.97851	0.05433
756.04981	0.05693
754.12111	0.05785
752.19241	0.05761
750.26372	0.05704
748.33502	0.05611
746.40632	0.05369
744.47762	0.04879
742.54892	0.04190
740.62022	0.03454
738.69153	0.02780
736.76283	0.02187
734.83413	0.01650
732.90543	0.01175
730.97673	0.00795
729.04803	0.00526
727.11933	0.00348
725.19064	0.00228
723.26194	0.00144
721.33324	0.00076
719.40454	0.00024
717.47584	0.00003
715.54714	0.00000
713.61844	0.00105
711.68975	0.00416
709.76105	0.01056
707.83235	0.02150
705.90365	0.03763
703.97495	0.05863
702.04625	0.08333
700.11756	0.11025
698.18886	0.13665
696.26016	0.15560
694.33146	0.15682
692.40276	0.13776
690.47406	0.10883
688.54536	0.08248
686.61667	0.06379
684.68797	0.05141
682.75927	0.04271
680.83057	0.03631
678.90187	0.03158
676.97317	0.02798
675.04447	0.02506
673.11578	0.02273
671.18708	0.02096
669.25838	0.01887
667.32968	0.01623
665.40098	0.01469
663.47228	0.01355
661.54359	0.01214
659.61489	0.01063
657.68619	0.00923
655.75749	0.00808
653.82879	0.00714
651.90009	0.00625
649.97139	0.00547
648.04270	0.00490
646.11400	0.00446
644.18530	0.00419
642.25660	0.00414
640.32790	0.00418
638.39920	0.00420
636.47050	0.00416
634.54181	0.00401
632.61311	0.00390
630.68441	0.00405
628.75571	0.00441
626.82701	0.00468
624.89831	0.00483
622.96962	0.00495
621.04092	0.00488
619.11222	0.00432
617.18352	0.00332
615.25482	0.00233
613.32612	0.00159
611.39742	0.00107
609.46873	0.00072
607.54003	0.00057
605.61133	0.00049
603.68263	0.00031
601.75393	0.00007
599.82523	0.00000
597.89653	0.00000
595.96784	0.00006
594.03914	0.00000
592.11044	-0.00004
590.18174	0.00004
588.25304	0.00020
586.32434	0.00044
584.39565	0.00083
582.46695	0.00134
580.53825	0.00189
578.60955	0.00259
576.68085	0.00368
574.75215	0.00509
572.82345	0.00652
570.89476	0.00792
568.96606	0.00942
567.03736	0.01109
565.10866	0.01277
563.17996	0.01437
561.25126	0.01608
559.32256	0.01808
557.39387	0.02044
555.46517	0.02293
553.53647	0.02512
551.60777	0.02687
549.67907	0.02868
547.75037	0.03122
545.82168	0.03455
543.89298	0.03820
541.96428	0.04179
540.03558	0.04489
538.10688	0.04675
536.17818	0.04646
534.24948	0.04371
532.32079	0.03930
530.39209	0.03452
528.46339	0.03010
526.53469	0.02605
524.60599	0.02250
522.67729	0.01991
520.74859	0.01805
518.81990	0.01633
516.89120	0.01472
514.96250	0.01362
513.03380	0.01297
511.10510	0.01246
509.17640	0.01191
507.24771	0.01126
505.31901	0.01056
503.39031	0.00978
501.46161	0.00881
499.53291	0.00786
497.60421	0.00704
495.67551	0.00630
493.74682	0.00570
491.81812	0.00510
489.88942	0.00437
487.96072	0.00371
486.03202	0.00322
484.10332	0.00292
482.17462	0.00292
480.24593	0.00284
478.31723	0.00252
476.38853	0.00251
474.45983	0.00299
472.53113	0.00358
470.60243	0.00395
468.67374	0.00394
466.74504	0.00352
464.81634	0.00303
462.88764	0.00276
460.95894	0.00270
459.03024	0.00249
457.10154	0.00179
455.17285	0.00080
453.24415	0.00000
451.31545	-0.00004
449.38675	0.00051
447.45805	0.00094
445.52935	0.00097
443.60065	0.00059
441.67196	0.00002
439.74326	0.00000
437.81456	0.00074
435.88586	0.00206
433.95716	0.00339
432.02846	0.00402
430.09977	0.00426
428.17107	0.00471
426.24237	0.00498
424.31367	0.00461
422.38497	0.00438
420.45627	0.00458
418.52757	0.00389
416.59888	0.00298
414.67018	0.00291
412.74148	0.00330
410.81278	0.00433
408.88408	0.00558
406.95538	0.00613
405.02668	0.00582
403.09799	0.00513
401.16929	0.00355
399.24059	0.00000
