3996.26329	0.00237
3994.33459	0.00213
3992.40589	0.00191
3990.47720	0.00173
3988.54850	0.00157
3986.61980	0.00145
3984.69110	0.00131
3982.76240	0.00113
3980.83370	0.00096
3978.90500	0.00084
3976.97631	0.00076
3975.04761	0.00063
3973.11891	0.00048
3971.19021	0.00035
3969.26151	0.00024
3967.33281	0.00016
3965.40411	0.00009
3963.47542	0.00000
3961.54672	-0.00005
3959.61802	-0.00004
3957.68932	-0.00006
3955.76062	-0.00011
3953.83192	-0.00016
3951.90323	-0.00016
3949.97453	-0.00013
3948.04583	-0.00010
3946.11713	-0.00013
3944.18843	-0.00016
3942.25973	-0.00015
3940.33103	-0.00011
3938.40234	-0.00006
3936.47364	-0.00002
3934.54494	-0.00002
3932.61624	0.00000
3930.68754	0.00004
3928.75884	0.00008
3926.83014	0.00002
3924.90145	-0.00003
3922.97275	-0.00007
3921.04405	-0.00011
3919.11535	-0.00012
3917.18665	-0.00010
3915.25795	-0.00011
3913.32926	-0.00015
3911.40056	-0.00017
3909.47186	-0.00015
3907.54316	-0.00012
3905.61446	-0.00009
3903.68576	0.00003
3901.75706	0.00011
3899.82837	0.00011
3897.89967	0.00011
3895.97097	0.00010
3894.04227	0.00009
3892.11357	0.00007
3890.18487	0.00011
3888.25617	0.00004
3886.32748	-0.00007
3884.39878	-0.00011
3882.47008	-0.00016
3880.54138	-0.00017
3878.61268	-0.00011
3876.68398	-0.00009
3874.75529	-0.00006
3872.82659	-0.00001
3870.89789	0.00000
3868.96919	0.00002
3867.04049	0.00003
3865.11179	0.00006
3863.18309	0.00012
3861.25440	0.00011
3859.32570	0.00008
3857.39700	-0.00005
3855.46830	-0.00014
3853.53960	-0.00002
3851.61090	0.00009
3849.68220	-0.00002
3847.75351	-0.00012
3845.82481	-0.00017
3843.89611	-0.00016
3841.96741	-0.00017
3840.03871	-0.00017
3838.11001	-0.00002
3836.18132	0.00017
3834.25262	0.00018
3832.32392	0.00014
3830.39522	0.00011
3828.46652	0.00007
3826.53782	0.00006
3824.60912	0.00007
3822.68043	-0.00003
3820.75173	-0.00001
3818.82303	-0.00002
3816.89433	-0.00010
3814.96563	-0.00007
3813.03693	-0.00005
3811.10823	-0.00009
3809.17954	-0.00010
3807.25084	-0.00002
3805.32214	0.00002
3803.39344	-0.00001
3801.46474	0.00007
3799.53604	0.00011
3797.60735	0.00001
3795.67865	-0.00001
3793.74995	0.00003
3791.82125	0.00006
3789.89255	0.00010
3787.96385	0.00006
3786.03515	-0.00000
3784.10646	-0.00004
3782.17776	-0.00010
3780.24906	-0.00016
3778.32036	-0.00014
3776.39166	-0.00013
3774.46296	-0.00016
3772.53426	-0.00015
3770.60557	-0.00009
3768.67687	-0.00002
3766.74817	0.00003
3764.81947	0.00007
3762.89077	0.00006
3760.96207	0.00004
3759.03338	0.00009
3757.10468	0.00015
3755.17598	0.00014
3753.24728	0.00008
3751.31858	0.00021
3749.38988	0.00035
3747.46118	0.00025
3745.53249	0.00014
3743.60379	0.00018
3741.67509	0.00020
3739.74639	0.00010
3737.81769	0.00000
3735.88899	0.00006
3733.96029	0.00048
3732.03160	0.00071
3730.10290	0.00067
3728.17420	0.00057
3726.24550	0.00047
3724.31680	0.00040
3722.38810	0.00035
3720.45941	0.00031
3718.53071	0.00020
3716.60201	0.00005
3714.67331	-0.00009
3712.74461	-0.00006
3710.81591	0.00026
3708.88721	0.00045
3706.95852	0.00037
3705.02982	0.00026
3703.10112	0.00025
3701.17242	0.00033
3699.24372	0.00038
3697.31502	0.00038
3695.38632	0.00035
3693.45763	0.00029
3691.52893	0.00024
3689.60023	0.00032
3687.67153	0.00048
3685.74283	0.00048
3683.81413	0.00033
3681.88544	0.00012
3679.95674	-0.00006
3678.02804	-0.00020
3676.09934	-0.00017
3674.17064	-0.00002
3672.24194	0.00001
3670.31324	0.00008
3668.38455	0.00024
3666.45585	0.00021
3664.52715	0.00012
3662.59845	0.00009
3660.66975	0.00008
3658.74105	0.00003
3656.81235	0.00006
3654.88366	0.00017
3652.95496	0.00018
3651.02626	0.00014
3649.09756	0.00016
3647.16886	0.00029
3645.24016	0.00028
3643.31147	0.00020
3641.38277	0.00013
3639.45407	0.00009
3637.52537	0.00012
3635.59667	0.00016
3633.66797	0.00012
3631.73927	-0.00003
3629.81058	-0.00010
3627.88188	0.00008
3625.95318	0.00013
3624.02448	0.00007
3622.09578	0.00005
3620.16708	0.00013
3618.23838	0.00017
3616.30969	0.00006
3614.38099	-0.00007
3612.45229	-0.00007
3610.52359	-0.00004
3608.59489	0.00002
3606.66619	0.00010
3604.73750	0.00009
3602.80880	0.00003
3600.88010	0.00003
3598.95140	0.00006
3597.02270	0.00009
3595.09400	0.00016
3593.16530	0.00019
3591.23661	0.00009
3589.30791	0.00000
3587.37921	0.00008
3585.45051	0.00021
3583.52181	0.00018
3581.59311	0.00014
3579.66441	0.00010
3577.73572	0.00012
3575.80702	0.00013
3573.87832	0.00011
3571.94962	0.00002
3570.02092	-0.00016
3568.09222	-0.00029
3566.16353	-0.00016
3564.23483	0.00001
3562.30613	0.00001
3560.37743	-0.00002
3558.44873	-0.00002
3556.52003	-0.00005
3554.59133	-0.00009
3552.66264	-0.00007
3550.73394	-0.00002
3548.80524	-0.00000
3546.87654	0.00003
3544.94784	0.00005
3543.01914	0.00003
3541.09044	-0.00003
3539.16175	-0.00009
3537.23305	-0.00010
3535.30435	-0.00010
3533.37565	-0.00014
3531.44695	-0.00021
3529.51825	-0.00024
3527.58956	-0.00023
3525.66086	-0.00019
3523.73216	-0.00010
3521.80346	-0.00006
3519.87476	-0.00007
3517.94606	-0.00008
3516.01736	-0.00005
3514.08867	-0.00002
3512.15997	0.00000
3510.23127	-0.00006
3508.30257	-0.00008
3506.37387	-0.00013
3504.44517	-0.00013
3502.51647	-0.00007
3500.58778	-0.00006
3498.65908	-0.00014
3496.73038	-0.00019
3494.80168	-0.00017
3492.87298	-0.00013
3490.94428	-0.00013
3489.01559	-0.00015
3487.08689	-0.00012
3485.15819	-0.00009
3483.22949	-0.00004
3481.30079	0.00004
3479.37209	0.00006
3477.44339	0.00000
3475.51470	-0.00009
3473.58600	-0.00012
3471.65730	-0.00015
3469.72860	-0.00018
3467.79990	-0.00018
3465.87120	-0.00017
3463.94250	-0.00017
3462.01381	-0.00018
3460.08511	-0.00015
3458.15641	-0.00009
3456.22771	-0.00008
3454.29901	-0.00010
3452.37031	-0.00010
3450.44162	-0.00007
3448.51292	-0.00005
3446.58422	0.00004
3444.65552	0.00009
3442.72682	0.00003
3440.79812	-0.00008
3438.86942	-0.00014
3436.94073	-0.00017
3435.01203	-0.00019
3433.08333	-0.00023
3431.15463	-0.00026
3429.22593	-0.00029
3427.29723	-0.00026
3425.36853	-0.00020
3423.43984	-0.00017
3421.51114	-0.00018
3419.58244	-0.00015
3417.65374	-0.00010
3415.72504	-0.00007
3413.79634	-0.00007
3411.86765	-0.00005
3409.93895	-0.00002
3408.01025	0.00000
3406.08155	-0.00007
3404.15285	-0.00015
3402.22415	-0.00020
3400.29545	-0.00022
3398.36676	-0.00023
3396.43806	-0.00022
3394.50936	-0.00018
3392.58066	-0.00017
3390.65196	-0.00019
3388.72326	-0.00017
3386.79456	-0.00010
3384.86587	-0.00000
3382.93717	0.00003
3381.00847	-0.00001
3379.07977	-0.00002
3377.15107	-0.00002
3375.22237	0.00000
3373.29368	0.00002
3371.36498	-0.00000
3369.43628	-0.00005
3367.50758	-0.00011
3365.57888	-0.00017
3363.65018	-0.00020
3361.72148	-0.00018
3359.79279	-0.00014
3357.86409	-0.00015
3355.93539	-0.00017
3354.00669	-0.00017
3352.07799	-0.00016
3350.14929	-0.00013
3348.22059	-0.00011
3346.29190	-0.00008
3344.36320	-0.00004
3342.43450	0.00000
3340.50580	0.00002
3338.57710	0.00001
3336.64840	-0.00007
3334.71971	-0.00006
3332.79101	-0.00004
3330.86231	-0.00008
3328.93361	-0.00015
3327.00491	-0.00019
3325.07621	-0.00021
3323.14751	-0.00022
3321.21882	-0.00021
3319.29012	-0.00017
3317.36142	-0.00013
3315.43272	-0.00012
3313.50402	-0.00011
3311.57532	-0.00009
3309.64662	-0.00006
3307.71793	-0.00004
3305.78923	-0.00002
3303.86053	0.00000
3301.93183	-0.00006
3300.00313	-0.00009
3298.07443	-0.00012
3296.14574	-0.00013
3294.21704	-0.00013
3292.28834	-0.00015
3290.35964	-0.00018
3288.43094	-0.00017
3286.50224	-0.00015
3284.57354	-0.00014
3282.64485	-0.00013
3280.71615	-0.00009
3278.78745	-0.00008
3276.85875	-0.00007
3274.93005	-0.00005
3273.00135	-0.00003
3271.07265	-0.00001
3269.14396	0.00001
3267.21526	-0.00006
3265.28656	-0.00011
3263.35786	-0.00015
3261.42916	-0.00020
3259.50046	-0.00019
3257.57177	-0.00017
3255.64307	-0.00018
3253.71437	-0.00018
3251.78567	-0.00016
3249.85697	-0.00014
3247.92827	-0.00013
3245.99957	-0.00010
3244.07088	-0.00008
3242.14218	-0.00006
3240.21348	-0.00004
3238.28478	-0.00001
3236.35608	0.00002
3234.42738	0.00002
3232.49868	-0.00006
3230.56999	-0.00009
3228.64129	-0.00011
3226.71259	-0.00016
3224.78389	-0.00021
3222.85519	-0.00021
3220.92649	-0.00018
3218.99780	-0.00014
3217.06910	-0.00013
3215.14040	-0.00011
3213.21170	-0.00011
3211.28300	-0.00009
3209.35430	-0.00004
3207.42560	0.00001
3205.49691	0.00002
3203.56821	0.00001
3201.63951	0.00002
3199.71081	0.00004
3197.78211	0.00009
3195.85341	0.00010
3193.92471	0.00001
3191.99602	-0.00009
3190.06732	-0.00012
3188.13862	-0.00011
3186.20992	-0.00013
3184.28122	-0.00015
3182.35252	-0.00012
3180.42383	-0.00009
3178.49513	-0.00006
3176.56643	-0.00005
3174.63773	-0.00005
3172.70903	-0.00003
3170.78033	0.00001
3168.85163	0.00003
3166.92294	0.00002
3164.99424	0.00003
3163.06554	0.00000
3161.13684	-0.00003
3159.20814	-0.00008
3157.27944	-0.00014
3155.35075	-0.00016
3153.42205	-0.00015
3151.49335	-0.00013
3149.56465	-0.00009
3147.63595	-0.00005
3145.70725	-0.00003
3143.77855	-0.00003
3141.84986	-0.00004
3139.92116	-0.00002
3137.99246	-0.00001
3136.06376	0.00001
3134.13506	0.00005
3132.20636	0.00007
3130.27766	0.00007
3128.34897	-0.00001
3126.42027	-0.00004
3124.49157	-0.00006
3122.56287	-0.00009
3120.63417	-0.00014
3118.70547	-0.00017
3116.77678	-0.00017
3114.84808	-0.00015
3112.91938	-0.00012
3110.99068	-0.00011
3109.06198	-0.00011
3107.13328	-0.00009
3105.20458	-0.00008
3103.27589	-0.00006
3101.34719	-0.00005
3099.41849	-0.00001
3097.48979	0.00001
3095.56109	0.00000
3093.63239	-0.00007
3091.70369	-0.00013
3089.77500	-0.00014
3087.84630	-0.00013
3085.91760	-0.00016
3083.98890	-0.00018
3082.06020	-0.00014
3080.13150	-0.00006
3078.20281	-0.00002
3076.27411	-0.00004
3074.34541	-0.00006
3072.41671	-0.00006
3070.48801	-0.00006
3068.55931	-0.00006
3066.63061	-0.00004
3064.70192	-0.00002
3062.77322	0.00000
3060.84452	0.00003
3058.91582	0.00001
3056.98712	-0.00002
3055.05842	-0.00007
3053.12972	-0.00011
3051.20103	-0.00012
3049.27233	-0.00010
3047.34363	-0.00010
3045.41493	-0.00009
3043.48623	-0.00006
3041.55753	-0.00000
3039.62884	0.00002
3037.70014	0.00001
3035.77144	-0.00001
3033.84274	0.00001
3031.91404	0.00003
3029.98534	0.00006
3028.05664	0.00007
3026.12795	0.00008
3024.19925	-0.00001
3022.27055	-0.00009
3020.34185	-0.00014
3018.41315	-0.00017
3016.48445	-0.00018
3014.55575	-0.00017
3012.62706	-0.00015
3010.69836	-0.00013
3008.76966	-0.00013
3006.84096	-0.00011
3004.91226	-0.00010
3002.98356	-0.00008
3001.05487	-0.00006
2999.12617	-0.00004
2997.19747	-0.00004
2995.26877	-0.00003
2993.34007	-0.00001
2991.41137	0.00000
2989.48267	-0.00003
2987.55398	-0.00002
2985.62528	-0.00002
2983.69658	0.00000
2981.76788	0.00006
2979.83918	0.00010
2977.91048	0.00009
2975.98178	0.00015
2974.05309	0.00037
2972.12439	0.00077
2970.19569	0.00128
2968.26699	0.00186
2966.33829	0.00252
2964.40959	0.00327
2962.48090	0.00407
2960.55220	0.00482
2958.62350	0.00545
2956.69480	0.00594
2954.76610	0.00630
2952.83740	0.00657
2950.90870	0.00690
2948.98001	0.00753
2947.05131	0.00871
2945.12261	0.01067
2943.19391	0.01350
2941.26521	0.01720
2939.33651	0.02173
2937.40781	0.02705
2935.47912	0.03325
2933.55042	0.04047
2931.62172	0.04886
2929.69302	0.05868
2927.76432	0.07032
2925.83562	0.08428
2923.90693	0.10084
2921.97823	0.11959
2920.04953	0.13886
2918.12083	0.15527
2916.19213	0.16426
2914.26343	0.16255
2912.33473	0.15106
2910.40604	0.13449
2908.47734	0.11773
2906.54864	0.10343
2904.61994	0.09216
2902.69124	0.08342
2900.76254	0.07648
2898.83384	0.07067
2896.90515	0.06545
2894.97645	0.06046
2893.04775	0.05559
2891.11905	0.05079
2889.19035	0.04604
2887.26165	0.04140
2885.33296	0.03692
2883.40426	0.03262
2881.47556	0.02852
2879.54686	0.02469
2877.61816	0.02130
2875.68946	0.01860
2873.76076	0.01674
2871.83207	0.01568
2869.90337	0.01530
2867.97467	0.01564
2866.04597	0.01699
2864.11727	0.01981
2862.18857	0.02457
2860.25987	0.03180
2858.33118	0.04239
2856.40248	0.05781
2854.47378	0.07968
2852.54508	0.10754
2850.61638	0.13457
2848.68768	0.14730
2846.75899	0.13751
2844.83029	0.11229
2842.90159	0.08473
2840.97289	0.06207
2839.04419	0.04550
2837.11549	0.03386
2835.18679	0.02566
2833.25810	0.01978
2831.32940	0.01545
2829.40070	0.01215
2827.47200	0.00964
2825.54330	0.00771
2823.61460	0.00617
2821.68590	0.00491
2819.75721	0.00386
2817.82851	0.00299
2815.89981	0.00229
2813.97111	0.00173
2812.04241	0.00130
2810.11371	0.00095
2808.18502	0.00065
2806.25632	0.00041
2804.32762	0.00023
2802.39892	0.00012
2800.47022	0.00005
2798.54152	0.00000
2796.61282	-0.00001
2794.68413	0.00000
2792.75543	0.00001
2790.82673	0.00002
2788.89803	0.00004
2786.96933	0.00005
2785.04063	0.00006
2783.11193	0.00007
2781.18324	0.00002
2779.25454	-0.00003
2777.32584	-0.00007
2775.39714	-0.00009
2773.46844	-0.00009
2771.53974	-0.00008
2769.61105	-0.00007
2767.68235	-0.00006
2765.75365	-0.00006
2763.82495	-0.00004
2761.89625	-0.00003
2759.96755	-0.00002
2758.03885	-0.00002
2756.11016	-0.00001
2754.18146	0.00000
2752.25276	0.00001
2750.32406	0.00002
2748.39536	0.00003
2746.46666	-0.00000
2744.53796	-0.00002
2742.60927	-0.00004
2740.68057	-0.00005
2738.75187	-0.00004
2736.82317	-0.00005
2734.89447	-0.00007
2732.96577	-0.00008
2731.03708	-0.00005
2729.10838	-0.00004
2727.17968	-0.00004
2725.25098	-0.00004
2723.32228	-0.00003
2721.39358	-0.00001
2719.46488	0.00002
2717.53619	0.00001
2715.60749	0.00001
2713.67879	0.00002
2711.75009	0.00002
2709.82139	0.00000
2707.89269	-0.00004
2705.96399	-0.00008
2704.03530	-0.00010
2702.10660	-0.00011
2700.17790	-0.00010
2698.24920	-0.00009
2696.32050	-0.00007
2694.39180	-0.00007
2692.46311	-0.00006
2690.53441	-0.00005
2688.60571	-0.00004
2686.67701	-0.00002
2684.74831	-0.00001
2682.81961	-0.00002
2680.89091	-0.00001
2678.96222	0.00000
2677.03352	-0.00003
2675.10482	-0.00007
2673.17612	-0.00008
2671.24742	-0.00008
2669.31872	-0.00008
2667.39002	-0.00008
2665.46133	-0.00007
2663.53263	-0.00003
2661.60393	0.00004
2659.67523	0.00010
2657.74653	0.00013
2655.81783	0.00013
2653.88914	0.00011
2651.96044	0.00007
2650.03174	0.00003
2648.10304	0.00000
2646.17434	0.00001
2644.24564	0.00005
2642.31694	0.00009
2640.38825	0.00008
2638.45955	0.00007
2636.53085	0.00009
2634.60215	0.00010
2632.67345	0.00007
2630.74475	0.00002
2628.81605	-0.00002
2626.88736	-0.00002
2624.95866	-0.00000
2623.02996	-0.00001
2621.10126	-0.00003
2619.17256	-0.00002
2617.24386	-0.00001
2615.31517	0.00000
2613.38647	0.00001
2611.45777	0.00002
2609.52907	0.00003
2607.60037	-0.00002
2605.67167	-0.00004
2603.74297	-0.00003
2601.81428	-0.00002
2599.88558	-0.00003
2597.95688	-0.00004
2596.02818	-0.00005
2594.09948	-0.00004
2592.17078	-0.00003
2590.24208	-0.00002
2588.31339	-0.00001
2586.38469	-0.00001
2584.45599	0.00000
2582.52729	0.00001
2580.59859	0.00003
2578.66989	0.00003
2576.74120	0.00004
2574.81250	0.00005
2572.88380	0.00003
2570.95510	0.00001
2569.02640	-0.00001
2567.09770	-0.00005
2565.16900	-0.00005
2563.24031	-0.00002
2561.31161	-0.00001
2559.38291	-0.00001
2557.45421	-0.00001
2555.52551	-0.00000
2553.59681	0.00002
2551.66811	0.00004
2549.73942	0.00003
2547.81072	0.00004
2545.88202	0.00005
2543.95332	0.00005
2542.02462	0.00006
2540.09592	0.00007
2538.16723	0.00007
2536.23853	0.00005
2534.30983	0.00002
2532.38113	-0.00001
2530.45243	0.00000
2528.52373	0.00002
2526.59503	0.00004
2524.66634	0.00003
2522.73764	0.00002
2520.80894	0.00003
2518.88024	0.00003
2516.95154	0.00004
2515.02284	0.00006
2513.09414	0.00007
2511.16545	0.00007
2509.23675	0.00006
2507.30805	0.00006
2505.37935	0.00008
2503.45065	0.00007
2501.52195	0.00004
2499.59326	0.00001
2497.66456	-0.00002
2495.73586	-0.00001
2493.80716	0.00002
2491.87846	0.00001
2489.94976	-0.00000
2488.02106	0.00000
2486.09237	0.00003
2484.16367	0.00006
2482.23497	0.00007
2480.30627	0.00007
2478.37757	0.00005
2476.44887	0.00004
2474.52017	0.00004
2472.59148	0.00008
2470.66278	0.00006
2468.73408	0.00000
2466.80538	-0.00000
2464.87668	-0.00001
2462.94798	-0.00001
2461.01929	-0.00000
2459.09059	0.00000
2457.16189	0.00001
2455.23319	0.00001
2453.30449	0.00002
2451.37579	0.00004
2449.44709	0.00003
2447.51840	0.00002
2445.58970	0.00003
2443.66100	0.00007
2441.73230	0.00010
2439.80360	0.00007
2437.87490	0.00003
2435.94620	0.00004
2434.01751	0.00001
2432.08881	-0.00003
2430.16011	-0.00004
2428.23141	-0.00004
2426.30271	-0.00004
2424.37401	-0.00003
2422.44532	-0.00003
2420.51662	-0.00003
2418.58792	-0.00002
2416.65922	-0.00002
2414.73052	0.00001
2412.80182	0.00006
2410.87312	0.00011
2408.94443	0.00013
2407.01573	0.00007
2405.08703	-0.00000
2403.15833	0.00000
2401.22963	0.00000
2399.30093	0.00002
2397.37223	0.00003
2395.44354	0.00003
2393.51484	0.00000
2391.58614	-0.00001
2389.65744	-0.00001
2387.72874	-0.00001
2385.80004	-0.00000
2383.87135	0.00000
2381.94265	0.00015
2380.01395	0.00041
2378.08525	0.00071
2376.15655	0.00106
2374.22785	0.00155
2372.29915	0.00207
2370.37046	0.00256
2368.44176	0.00312
2366.51306	0.00387
2364.58436	0.00473
2362.65566	0.00533
2360.72696	0.00534
2358.79826	0.00491
2356.86957	0.00441
2354.94087	0.00383
2353.01217	0.00297
2351.08347	0.00205
2349.15477	0.00150
2347.22607	0.00155
2345.29738	0.00208
2343.36868	0.00263
2341.43998	0.00296
2339.51128	0.00315
2337.58258	0.00308
2335.65388	0.00273
2333.72518	0.00249
2331.79649	0.00253
2329.86779	0.00260
2327.93909	0.00270
2326.01039	0.00296
2324.08169	0.00307
2322.15299	0.00268
2320.22429	0.00198
2318.29560	0.00136
2316.36690	0.00089
2314.43820	0.00061
2312.50950	0.00050
2310.58080	0.00043
2308.65210	0.00028
2306.72341	0.00013
2304.79471	0.00006
2302.86601	0.00003
2300.93731	0.00001
2299.00861	0.00000
2297.07991	0.00000
2295.15121	-0.00002
2293.22252	0.00000
2291.29382	0.00003
2289.36512	0.00003
2287.43642	0.00005
2285.50772	0.00009
2283.57902	0.00009
2281.65032	0.00008
2279.72163	0.00017
2277.79293	0.00027
2275.86423	0.00020
2273.93553	0.00004
2272.00683	-0.00001
2270.07813	-0.00000
2268.14944	0.00004
2266.22074	0.00004
2264.29204	-0.00000
2262.36334	0.00000
2260.43464	0.00012
2258.50594	0.00022
2256.57724	0.00016
2254.64855	0.00005
2252.71985	-0.00000
2250.79115	-0.00001
2248.86245	-0.00001
2246.93375	-0.00000
2245.00505	0.00007
2243.07635	0.00014
2241.14766	0.00016
2239.21896	0.00015
2237.29026	0.00010
2235.36156	0.00003
2233.43286	0.00000
2231.50416	0.00000
2229.57547	0.00004
2227.64677	0.00008
2225.71807	0.00006
2223.78937	0.00000
2221.86067	0.00001
2219.93197	0.00006
2218.00327	0.00006
2216.07458	0.00005
2214.14588	0.00006
2212.21718	0.00001
2210.28848	-0.00000
2208.35978	0.00010
2206.43108	0.00032
2204.50238	0.00041
2202.57369	0.00038
2200.64499	0.00034
2198.71629	0.00034
2196.78759	0.00040
2194.85889	0.00044
2192.93019	0.00043
2191.00150	0.00043
2189.07280	0.00048
2187.14410	0.00071
2185.21540	0.00105
2183.28670	0.00106
2181.35800	0.00077
2179.42930	0.00067
2177.50061	0.00073
2175.57191	0.00072
2173.64321	0.00083
2171.71451	0.00121
2169.78581	0.00174
2167.85711	0.00221
2165.92841	0.00249
2163.99972	0.00273
2162.07102	0.00284
2160.14232	0.00205
2158.21362	0.00063
2156.28492	0.00000
2154.35622	-0.00000
2152.42753	0.00023
2150.49883	0.00050
2148.57013	0.00070
2146.64143	0.00073
2144.71273	0.00065
2142.78403	0.00059
2140.85533	0.00064
2138.92664	0.00067
2136.99794	0.00052
2135.06924	0.00021
2133.14054	-0.00001
2131.21184	-0.00001
2129.28314	0.00017
2127.35444	0.00033
2125.42575	0.00041
2123.49705	0.00047
2121.56835	0.00056
2119.63965	0.00068
2117.71095	0.00080
2115.78225	0.00088
2113.85356	0.00093
2111.92486	0.00093
2109.99616	0.00090
2108.06746	0.00084
2106.13876	0.00074
2104.21006	0.00065
2102.28136	0.00057
2100.35267	0.00049
2098.42397	0.00041
2096.49527	0.00024
2094.56657	0.00001
2092.63787	0.00000
2090.70917	0.00011
2088.78047	0.00023
2086.85178	0.00023
2084.92308	0.00013
2082.99438	0.00008
2081.06568	0.00011
2079.13698	0.00016
2077.20828	0.00017
2075.27959	0.00016
2073.35089	0.00012
2071.42219	0.00009
2069.49349	0.00010
2067.56479	0.00008
2065.63609	0.00008
2063.70739	0.00016
2061.77870	0.00015
2059.85000	0.00002
2057.92130	0.00000
2055.99260	0.00001
2054.06390	0.00019
2052.13520	0.00077
2050.20650	0.00116
2048.27781	0.00086
2046.34911	0.00032
2044.42041	0.00004
2042.49171	0.00007
2040.56301	0.00027
2038.63431	0.00051
2036.70562	0.00068
2034.77692	0.00053
2032.84822	0.00016
2030.91952	0.00000
2028.99082	0.00003
2027.06212	0.00006
2025.13342	0.00007
2023.20473	0.00022
2021.27603	0.00044
2019.34733	0.00057
2017.41863	0.00051
2015.48993	0.00040
2013.56123	0.00045
2011.63253	0.00058
2009.70384	0.00052
2007.77514	0.00023
2005.84644	0.00000
2003.91774	0.00000
2001.98904	0.00012
2000.06034	0.00022
1998.13165	0.00041
1996.20295	0.00065
1994.27425	0.00080
1992.34555	0.00085
1990.41685	0.00088
1988.48815	0.00093
1986.55945	0.00103
1984.63076	0.00125
1982.70206	0.00165
1980.77336	0.00194
1978.84466	0.00154
1976.91596	0.00059
1974.98726	0.00000
1973.05856	0.00000
1971.12987	0.00019
1969.20117	0.00040
1967.27247	0.00041
1965.34377	0.00025
1963.41507	0.00014
1961.48637	0.00003
1959.55768	-0.00004
1957.62898	-0.00004
1955.70028	0.00007
1953.77158	0.00013
1951.84288	0.00010
1949.91418	0.00009
1947.98548	0.00009
1946.05679	0.00008
1944.12809	0.00011
1942.19939	0.00012
1940.27069	0.00008
1938.34199	0.00004
1936.41329	0.00002
1934.48459	0.00000
1932.55590	-0.00001
1930.62720	-0.00001
1928.69850	-0.00002
1926.76980	-0.00001
1924.84110	-0.00003
1922.91240	-0.00004
1920.98371	0.00001
1919.05501	0.00000
1917.12631	-0.00005
1915.19761	-0.00005
1913.26891	0.00000
1911.34021	0.00003
1909.41151	0.00008
1907.48282	0.00011
1905.55412	0.00006
1903.62542	-0.00002
1901.69672	-0.00003
1899.76802	0.00003
1897.83932	0.00003
1895.91062	-0.00003
1893.98193	-0.00005
1892.05323	-0.00005
1890.12453	-0.00003
1888.19583	-0.00003
1886.26713	-0.00005
1884.33843	-0.00007
1882.40974	-0.00005
1880.48104	0.00001
1878.55234	0.00003
1876.62364	0.00002
1874.69494	0.00002
1872.76624	0.00001
1870.83754	0.00001
1868.90885	0.00002
1866.98015	0.00007
1865.05145	0.00009
1863.12275	0.00008
1861.19405	0.00004
1859.26535	-0.00000
1857.33665	-0.00002
1855.40796	-0.00002
1853.47926	-0.00000
1851.55056	0.00002
1849.62186	0.00001
1847.69316	-0.00005
1845.76446	-0.00006
1843.83577	0.00005
1841.90707	0.00008
1839.97837	0.00004
1838.04967	0.00003
1836.12097	0.00002
1834.19227	0.00001
1832.26357	0.00000
1830.33488	0.00004
1828.40618	0.00007
1826.47748	0.00007
1824.54878	0.00010
1822.62008	0.00011
1820.69138	0.00008
1818.76268	0.00001
1816.83399	-0.00005
1814.90529	-0.00005
1812.97659	-0.00001
1811.04789	0.00003
1809.11919	0.00008
1807.19049	0.00009
1805.26180	0.00008
1803.33310	0.00003
1801.40440	0.00002
1799.47570	0.00001
1797.54700	0.00002
1795.61830	0.00003
1793.68960	0.00004
1791.76091	0.00007
1789.83221	0.00005
1787.90351	0.00000
1785.97481	-0.00000
1784.04611	0.00004
1782.11741	0.00004
1780.18871	0.00002
1778.26002	0.00000
1776.33132	-0.00001
1774.40262	0.00000
1772.47392	0.00000
1770.54522	0.00006
1768.61652	0.00007
1766.68783	0.00004
1764.75913	-0.00002
1762.83043	-0.00005
1760.90173	-0.00005
1758.97303	-0.00007
1757.04433	-0.00008
1755.11563	-0.00008
1753.18694	-0.00010
1751.25824	-0.00011
1749.32954	-0.00002
1747.40084	0.00009
1745.47214	0.00014
1743.54344	0.00020
1741.61474	0.00029
1739.68605	0.00038
1737.75735	0.00035
1735.82865	0.00020
1733.89995	0.00020
1731.97125	0.00041
1730.04255	0.00061
1728.11386	0.00083
1726.18516	0.00116
1724.25646	0.00170
1722.32776	0.00228
1720.39906	0.00260
1718.47036	0.00274
1716.54166	0.00288
1714.61297	0.00285
1712.68427	0.00258
1710.75557	0.00221
1708.82687	0.00185
1706.89817	0.00152
1704.96947	0.00121
1703.04077	0.00099
1701.11208	0.00085
1699.18338	0.00068
1697.25468	0.00049
1695.32598	0.00036
1693.39728	0.00029
1691.46858	0.00020
1689.53989	0.00010
1687.61119	0.00000
1685.68249	-0.00001
1683.75379	0.00014
1681.82509	0.00023
1679.89639	0.00013
1677.96769	0.00003
1676.03900	-0.00001
1674.11030	-0.00003
1672.18160	-0.00007
1670.25290	0.00000
1668.32420	0.00014
1666.39550	0.00012
1664.46680	0.00005
1662.53811	0.00009
1660.60941	0.00016
1658.68071	0.00015
1656.75201	0.00011
1654.82331	0.00012
1652.89461	0.00041
1650.96592	0.00054
1649.03722	0.00053
1647.10852	0.00080
1645.17982	0.00114
1643.25112	0.00120
1641.32242	0.00115
1639.39372	0.00102
1637.46503	0.00083
1635.53633	0.00071
1633.60763	0.00067
1631.67893	0.00060
1629.75023	0.00051
1627.82153	0.00040
1625.89283	0.00028
1623.96414	0.00019
1622.03544	0.00014
1620.10674	0.00007
1618.17804	0.00000
1616.24934	-0.00001
1614.32064	0.00003
1612.39195	0.00000
1610.46325	-0.00004
1608.53455	-0.00005
1606.60585	-0.00007
1604.67715	-0.00006
1602.74845	-0.00003
1600.81975	0.00001
1598.89106	-0.00001
1596.96236	-0.00002
1595.03366	-0.00003
1593.10496	-0.00005
1591.17626	-0.00005
1589.24756	-0.00007
1587.31886	-0.00008
1585.39017	-0.00009
1583.46147	-0.00010
1581.53277	-0.00009
1579.60407	-0.00010
1577.67537	-0.00011
1575.74667	-0.00005
1573.81798	-0.00006
1571.88928	-0.00014
1569.96058	-0.00014
1568.03188	-0.00007
1566.10318	0.00000
1564.17448	0.00002
1562.24578	-0.00000
1560.31709	-0.00004
1558.38839	0.00012
1556.45969	0.00027
1554.53099	0.00024
1552.60229	0.00024
1550.67359	0.00023
1548.74490	0.00020
1546.81620	0.00012
1544.88750	0.00006
1542.95880	0.00014
1541.03010	0.00028
1539.10140	0.00025
1537.17270	0.00010
1535.24401	-0.00000
1533.31531	0.00001
1531.38661	0.00004
1529.45791	0.00000
1527.52921	-0.00001
1525.60051	-0.00003
1523.67181	-0.00004
1521.74312	-0.00000
1519.81442	-0.00002
1517.88572	-0.00007
1515.95702	-0.00007
1514.02832	-0.00008
1512.09962	-0.00011
1510.17093	-0.00013
1508.24223	-0.00014
1506.31353	0.00002
1504.38483	0.00002
1502.45613	-0.00008
1500.52743	-0.00017
1498.59873	-0.00014
1496.67004	0.00006
1494.74134	0.00009
1492.81264	0.00000
1490.88394	-0.00002
1488.95524	0.00024
1487.02654	0.00055
1485.09784	0.00082
1483.16915	0.00136
1481.24045	0.00266
1479.31175	0.00547
1477.38305	0.01224
1475.45435	0.02655
1473.52565	0.04706
1471.59696	0.05636
1469.66826	0.05172
1467.73956	0.04647
1465.81086	0.04544
1463.88216	0.04754
1461.95346	0.04580
1460.02476	0.03918
1458.09607	0.02897
1456.16737	0.01984
1454.23867	0.01607
1452.30997	0.01357
1450.38127	0.01135
1448.45257	0.00953
1446.52387	0.00819
1444.59518	0.00729
1442.66648	0.00663
1440.73778	0.00603
1438.80908	0.00547
1436.88038	0.00481
1434.95168	0.00410
1433.02299	0.00341
1431.09429	0.00266
1429.16559	0.00187
1427.23689	0.00127
1425.30819	0.00084
1423.37949	0.00049
1421.45079	0.00027
1419.52210	0.00024
1417.59340	0.00038
1415.66470	0.00049
1413.73600	0.00056
1411.80730	0.00059
1409.87860	0.00052
1407.94990	0.00040
1406.02121	0.00028
1404.09251	0.00017
1402.16381	0.00008
1400.23511	0.00003
1398.30641	0.00000
1396.37771	-0.00002
1394.44902	-0.00000
1392.52032	0.00000
1390.59162	-0.00001
1388.66292	-0.00003
1386.73422	0.00018
1384.80552	0.00062
1382.87682	0.00132
1380.94813	0.00236
1379.01943	0.00335
1377.09073	0.00377
1375.16203	0.00353
1373.23333	0.00301
1371.30463	0.00262
1369.37593	0.00233
1367.44724	0.00204
1365.51854	0.00172
1363.58984	0.00139
1361.66114	0.00111
1359.73244	0.00090
1357.80374	0.00074
1355.87505	0.00067
1353.94635	0.00067
1352.01765	0.00067
1350.08895	0.00059
1348.16025	0.00046
1346.23155	0.00034
1344.30285	0.00027
1342.37416	0.00020
1340.44546	0.00013
1338.51676	0.00006
1336.58806	0.00000
1334.65936	-0.00002
1332.73066	-0.00003
1330.80196	-0.00005
1328.87327	-0.00007
1326.94457	-0.00007
1325.01587	-0.00005
1323.08717	0.00000
1321.15847	0.00001
1319.22977	0.00002
1317.30108	0.00004
1315.37238	0.00007
1313.44368	0.00010
1311.51498	0.00015
1309.58628	0.00019
1307.65758	0.00022
1305.72888	0.00024
1303.80019	0.00025
1301.87149	0.00025
1299.94279	0.00025
1298.01409	0.00023
1296.08539	0.00018
1294.15669	0.00012
1292.22799	0.00007
1290.29930	0.00004
1288.37060	0.00004
1286.44190	0.00002
1284.51320	0.00002
1282.58450	0.00000
1280.65580	-0.00003
1278.72711	-0.00005
1276.79841	-0.00006
1274.86971	-0.00008
1272.94101	-0.00009
1271.01231	-0.00010
1269.08361	-0.00013
1267.15491	-0.00015
1265.22622	-0.00014
1263.29752	-0.00014
1261.36882	-0.00014
1259.44012	-0.00010
1257.51142	-0.00004
1255.58272	0.00004
1253.65402	0.00009
1251.72533	0.00007
1249.79663	0.00006
1247.86793	0.00004
1245.93923	0.00001
1244.01053	-0.00001
1242.08183	-0.00001
1240.15314	-0.00000
1238.22444	-0.00003
1236.29574	-0.00007
1234.36704	-0.00011
1232.43834	-0.00012
1230.50964	-0.00012
1228.58094	-0.00015
1226.65225	-0.00016
1224.72355	-0.00015
1222.79485	-0.00011
1220.86615	-0.00004
1218.93745	0.00007
1217.00875	0.00004
1215.08005	0.00002
1213.15136	-0.00000
1211.22266	-0.00002
1209.29396	-0.00003
1207.36526	-0.00005
1205.43656	-0.00008
1203.50786	-0.00010
1201.57917	-0.00012
1199.65047	-0.00014
1197.72177	-0.00015
1195.79307	-0.00017
1193.86437	-0.00017
1191.93567	-0.00016
1190.00697	-0.00012
1188.07828	-0.00007
1186.14958	-0.00004
1184.22088	0.00000
1182.29218	0.00005
1180.36348	0.00016
1178.43478	0.00027
1176.50608	0.00035
1174.57739	0.00040
1172.64869	0.00041
1170.71999	0.00039
1168.79129	0.00040
1166.86259	0.00044
1164.93389	0.00045
1163.00520	0.00038
1161.07650	0.00023
1159.14780	0.00006
1157.21910	-0.00007
1155.29040	-0.00013
1153.36170	-0.00014
1151.43300	-0.00009
1149.50431	0.00000
1147.57561	-0.00002
1145.64691	-0.00004
1143.71821	-0.00006
1141.78951	-0.00008
1139.86081	-0.00010
1137.93211	-0.00012
1136.00342	-0.00014
1134.07472	-0.00016
1132.14602	-0.00018
1130.21732	-0.00020
1128.28862	-0.00022
1126.35992	-0.00025
1124.43123	-0.00026
1122.50253	-0.00026
1120.57383	-0.00023
1118.64513	-0.00017
1116.71643	-0.00007
1114.78773	0.00000
1112.85903	-0.00000
1110.93034	0.00001
1109.00164	0.00005
1107.07294	0.00010
1105.14424	0.00017
1103.21554	0.00026
1101.28684	0.00041
1099.35814	0.00057
1097.42945	0.00074
1095.50075	0.00090
1093.57205	0.00107
1091.64335	0.00126
1089.71465	0.00142
1087.78595	0.00156
1085.85726	0.00166
1083.92856	0.00167
1081.99986	0.00161
1080.07116	0.00158
1078.14246	0.00154
1076.21376	0.00145
1074.28506	0.00134
1072.35637	0.00127
1070.42767	0.00125
1068.49897	0.00124
1066.57027	0.00124
1064.64157	0.00121
1062.71287	0.00116
1060.78417	0.00116
1058.85548	0.00124
1056.92678	0.00129
1054.99808	0.00131
1053.06938	0.00142
1051.14068	0.00162
1049.21198	0.00184
1047.28329	0.00210
1045.35459	0.00244
1043.42589	0.00282
1041.49719	0.00326
1039.56849	0.00380
1037.63979	0.00431
1035.71109	0.00477
1033.78240	0.00518
1031.85370	0.00550
1029.92500	0.00570
1027.99630	0.00587
1026.06760	0.00606
1024.13890	0.00621
1022.21020	0.00628
1020.28151	0.00635
1018.35281	0.00647
1016.42411	0.00658
1014.49541	0.00666
1012.56671	0.00679
1010.63801	0.00699
1008.70932	0.00719
1006.78062	0.00736
1004.85192	0.00749
1002.92322	0.00757
1000.99452	0.00761
999.06582	0.00766
997.13712	0.00776
995.20843	0.00787
993.27973	0.00794
991.35103	0.00791
989.42233	0.00769
987.49363	0.00728
985.56493	0.00681
983.63623	0.00634
981.70754	0.00591
979.77884	0.00554
977.85014	0.00515
975.92144	0.00473
973.99274	0.00439
972.06404	0.00410
970.13535	0.00380
968.20665	0.00350
966.27795	0.00323
964.34925	0.00288
962.42055	0.00237
960.49185	0.00177
958.56315	0.00118
956.63446	0.00071
954.70576	0.00038
952.77706	0.00018
950.84836	0.00007
948.91966	0.00000
946.99096	-0.00002
945.06226	-0.00004
943.13357	-0.00003
941.20487	0.00000
939.27617	-0.00000
937.34747	-0.00001
935.41877	-0.00005
933.49007	-0.00010
931.56138	-0.00014
929.63268	-0.00017
927.70398	-0.00019
925.77528	-0.00012
923.84658	0.00000
921.91788	0.00021
919.98918	0.00054
918.06049	0.00098
916.13179	0.00160
914.20309	0.00251
912.27439	0.00371
910.34569	0.00485
908.41699	0.00534
906.48829	0.00480
904.55960	0.00356
902.63090	0.00230
900.70220	0.00137
898.77350	0.00076
896.84480	0.00034
894.91610	0.00007
892.98741	0.00000
891.05871	0.00002
889.13001	0.00009
887.20131	0.00015
885.27261	0.00021
883.34391	0.00029
881.41521	0.00043
879.48652	0.00069
877.55782	0.00103
875.62912	0.00127
873.70042	0.00117
871.77172	0.00075
869.84302	0.00030
867.91432	0.00007
865.98563	0.00003
864.05693	0.00000
862.12823	-0.00002
860.19953	-0.00005
858.27083	-0.00007
856.34213	-0.00008
854.41344	-0.00010
852.48474	-0.00015
850.55604	-0.00017
848.62734	-0.00020
846.69864	-0.00023
844.76994	-0.00024
842.84124	-0.00019
840.91255	-0.00012
838.98385	-0.00005
837.05515	0.00008
835.12645	0.00018
833.19775	0.00033
831.26905	0.00042
829.34035	0.00041
827.41166	0.00034
825.48296	0.00021
823.55426	0.00007
821.62556	-0.00004
819.69686	-0.00013
817.76816	-0.00022
815.83947	-0.00025
813.91077	-0.00029
811.98207	-0.00021
810.05337	-0.00002
808.12467	0.00036
806.19597	0.00097
804.26727	0.00166
802.33858	0.00230
800.40988	0.00277
798.48118	0.00290
796.55248	0.00262
794.62378	0.00209
792.69508	0.00152
790.76638	0.00104
788.83769	0.00073
786.90899	0.00070
784.98029	0.00089
783.05159	0.00113
781.12289	0.00136
779.19419	0.00155
777.26550	0.00153
775.33680	0.00121
773.40810	0.00079
771.47940	0.00046
769.55070	0.00022
767.62200	0.00006
765.69330	0.00000
763.76461	-0.00003
761.83591	-0.00005
759.90721	-0.00007
757.97851	-0.00011
756.04981	-0.00014
754.12111	-0.00016
752.19241	-0.00012
750.26372	-0.00011
748.33502	-0.00018
746.40632	-0.00027
744.47762	-0.00029
742.54892	-0.00023
740.62022	0.00012
738.69153	0.00107
736.76283	0.00349
734.83413	0.00951
732.90543	0.01965
730.97673	0.02811
729.04803	0.02875
727.11933	0.02500
725.19064	0.02451
723.26194	0.03110
721.33324	0.04472
719.40454	0.05883
717.47584	0.06239
715.54714	0.05216
713.61844	0.03549
711.68975	0.02141
709.76105	0.01299
707.83235	0.00845
705.90365	0.00582
703.97495	0.00420
702.04625	0.00322
700.11756	0.00272
698.18886	0.00255
696.26016	0.00246
694.33146	0.00224
692.40276	0.00191
690.47406	0.00144
688.54536	0.00079
686.61667	0.00021
684.68797	0.00013
682.75927	0.00048
680.83057	0.00075
678.90187	0.00074
676.97317	0.00062
675.04447	0.00049
673.11578	0.00039
671.18708	0.00048
669.25838	0.00068
667.32968	0.00042
665.40098	0.00005
663.47228	0.00000
661.54359	-0.00003
659.61489	-0.00005
657.68619	-0.00004
655.75749	0.00001
653.82879	0.00012
651.90009	0.00025
649.97139	0.00040
648.04270	0.00052
646.11400	0.00053
644.18530	0.00047
642.25660	0.00041
640.32790	0.00031
638.39920	0.00015
636.47050	-0.00004
634.54181	-0.00017
632.61311	-0.00017
630.68441	-0.00007
628.75571	0.00003
626.82701	0.00006
624.89831	0.00010
622.96962	0.00000
621.04092	-0.00010
619.11222	-0.00006
617.18352	0.00007
615.25482	-0.00001
613.32612	-0.00017
611.39742	-0.00018
609.46873	-0.00014
607.54003	-0.00013
605.61133	-0.00009
603.68263	-0.00003
601.75393	-0.00006
599.82523	-0.00010
597.89653	-0.00008
595.96784	-0.00002
594.03914	0.00008
592.11044	0.00004
590.18174	0.00000
588.25304	-0.00002
586.32434	0.00003
584.39565	-0.00000
582.46695	-0.00013
580.53825	-0.00016
578.60955	-0.00019
576.68085	-0.00023
574.75215	-0.00027
572.82345	-0.00024
570.89476	-0.00027
568.96606	-0.00021
567.03736	0.00021
565.10866	0.00083
563.17996	0.00116
561.25126	0.00119
559.32256	0.00130
557.39387	0.00152
555.46517	0.00169
553.53647	0.00187
551.60777	0.00202
549.67907	0.00201
547.75037	0.00198
545.82168	0.00219
543.89298	0.00260
541.96428	0.00301
540.03558	0.00344
538.10688	0.00389
536.17818	0.00420
534.24948	0.00430
532.32079	0.00432
530.39209	0.00434
528.46339	0.00432
526.53469	0.00426
524.60599	0.00406
522.67729	0.00369
520.74859	0.00337
518.81990	0.00331
516.89120	0.00319
514.96250	0.00280
513.03380	0.00248
511.10510	0.00220
509.17640	0.00169
507.24771	0.00110
505.31901	0.00058
503.39031	0.00014
501.46161	0.00000
499.53291	-0.00002
497.60421	-0.00008
495.67551	-0.00001
493.74682	0.00023
491.81812	0.00036
489.88942	0.00048
487.96072	0.00071
486.03202	0.00126
484.10332	0.00240
482.17462	0.00378
480.24593	0.00484
478.31723	0.00566
476.38853	0.00654
474.45983	0.00760
472.53113	0.00884
470.60243	0.00971
468.67374	0.00978
466.74504	0.00947
464.81634	0.00909
462.88764	0.00848
460.95894	0.00770
459.03024	0.00714
457.10154	0.00686
455.17285	0.00634
453.24415	0.00532
451.31545	0.00402
449.38675	0.00315
447.45805	0.00283
445.52935	0.00236
443.60065	0.00184
441.67196	0.00203
439.74326	0.00265
437.81456	0.00292
435.88586	0.00272
433.95716	0.00266
432.02846	0.00312
430.09977	0.00391
428.17107	0.00480
426.24237	0.00532
424.31367	0.00499
422.38497	0.00429
420.45627	0.00357
418.52757	0.00237
416.59888	0.00171
414.67018	0.00145
412.74148	0.00096
410.81278	0.00038
408.88408	0.00028
406.95538	0.00057
405.02668	0.00022
403.09799	0.00000
401.16929	0.00031
399.24059	0.00000
