3996.26329	0.00122
3994.33459	0.00112
3992.40589	0.00104
3990.47720	0.00092
3988.54850	0.00080
3986.61980	0.00072
3984.69110	0.00069
3982.76240	0.00065
3980.83370	0.00056
3978.90500	0.00048
3976.97631	0.00046
3975.04761	0.00041
3973.11891	0.00031
3971.19021	0.00021
3969.26151	0.00015
3967.33281	0.00011
3965.40411	0.00005
3963.47542	0.00000
3961.54672	-0.00001
3959.61802	-0.00005
3957.68932	-0.00013
3955.76062	-0.00016
3953.83192	-0.00012
3951.90323	-0.00008
3949.97453	-0.00004
3948.04583	-0.00002
3946.11713	-0.00006
3944.18843	-0.00008
3942.25973	-0.00002
3940.33103	0.00003
3938.40234	0.00002
3936.47364	-0.00001
3934.54494	0.00000
3932.61624	0.00005
3930.68754	0.00012
3928.75884	0.00007
3926.83014	-0.00007
3924.90145	-0.00014
3922.97275	-0.00013
3921.04405	-0.00013
3919.11535	-0.00009
3917.18665	-0.00003
3915.25795	-0.00000
3913.32926	-0.00003
3911.40056	-0.00005
3909.47186	-0.00008
3907.54316	-0.00014
3905.61446	-0.00012
3903.68576	0.00005
3901.75706	0.00021
3899.82837	0.00023
3897.89967	0.00020
3895.97097	0.00010
3894.04227	0.00000
3892.11357	0.00001
3890.18487	0.00008
3888.25617	-0.00001
3886.32748	-0.00009
3884.39878	-0.00004
3882.47008	-0.00003
3880.54138	0.00005
3878.61268	0.00012
3876.68398	0.00001
3874.75529	-0.00011
3872.82659	-0.00014
3870.89789	-0.00006
3868.96919	0.00011
3867.04049	0.00012
3865.11179	0.00005
3863.18309	0.00011
3861.25440	0.00011
3859.32570	0.00000
3857.39700	-0.00018
3855.46830	-0.00026
3853.53960	0.00007
3851.61090	0.00041
3849.68220	0.00028
3847.75351	0.00004
3845.82481	-0.00014
3843.89611	-0.00017
3841.96741	-0.00009
3840.03871	0.00001
3838.11001	0.00014
3836.18132	0.00017
3834.25262	0.00005
3832.32392	-0.00001
3830.39522	-0.00002
3828.46652	-0.00004
3826.53782	-0.00001
3824.60912	0.00000
3822.68043	-0.00002
3820.75173	0.00026
3818.82303	0.00042
3816.89433	0.00033
3814.96563	0.00028
3813.03693	0.00015
3811.10823	-0.00005
3809.17954	-0.00017
3807.25084	-0.00014
3805.32214	-0.00009
3803.39344	-0.00012
3801.46474	0.00005
3799.53604	0.00027
3797.60735	0.00023
3795.67865	0.00018
3793.74995	0.00013
3791.82125	0.00005
3789.89255	0.00000
3787.96385	-0.00006
3786.03515	-0.00010
3784.10646	-0.00008
3782.17776	-0.00010
3780.24906	-0.00009
3778.32036	-0.00001
3776.39166	-0.00001
3774.46296	-0.00009
3772.53426	-0.00012
3770.60557	-0.00006
3768.67687	0.00002
3766.74817	0.00007
3764.81947	0.00014
3762.89077	0.00011
3760.96207	-0.00002
3759.03338	0.00000
3757.10468	0.00010
3755.17598	0.00005
3753.24728	-0.00011
3751.31858	0.00000
3749.38988	0.00021
3747.46118	0.00009
3745.53249	-0.00000
3743.60379	0.00009
3741.67509	0.00008
3739.74639	-0.00005
3737.81769	-0.00011
3735.88899	0.00002
3733.96029	0.00026
3732.03160	0.00031
3730.10290	0.00018
3728.17420	0.00003
3726.24550	0.00000
3724.31680	0.00004
3722.38810	0.00008
3720.45941	0.00010
3718.53071	0.00007
3716.60201	0.00003
3714.67331	0.00000
3712.74461	0.00006
3710.81591	0.00054
3708.88721	0.00089
3706.95852	0.00090
3705.02982	0.00083
3703.10112	0.00089
3701.17242	0.00121
3699.24372	0.00148
3697.31502	0.00149
3695.38632	0.00133
3693.45763	0.00104
3691.52893	0.00072
3689.60023	0.00063
3687.67153	0.00068
3685.74283	0.00054
3683.81413	0.00030
3681.88544	0.00007
3679.95674	-0.00013
3678.02804	-0.00022
3676.09934	0.00007
3674.17064	0.00043
3672.24194	0.00018
3670.31324	0.00007
3668.38455	0.00033
3666.45585	0.00036
3664.52715	0.00024
3662.59845	0.00015
3660.66975	0.00012
3658.74105	0.00014
3656.81235	0.00030
3654.88366	0.00043
3652.95496	0.00022
3651.02626	0.00002
3649.09756	0.00049
3647.16886	0.00108
3645.24016	0.00103
3643.31147	0.00084
3641.38277	0.00075
3639.45407	0.00074
3637.52537	0.00077
3635.59667	0.00082
3633.66797	0.00084
3631.73927	0.00073
3629.81058	0.00095
3627.88188	0.00178
3625.95318	0.00199
3624.02448	0.00172
3622.09578	0.00143
3620.16708	0.00136
3618.23838	0.00147
3616.30969	0.00131
3614.38099	0.00106
3612.45229	0.00091
3610.52359	0.00071
3608.59489	0.00061
3606.66619	0.00067
3604.73750	0.00055
3602.80880	0.00035
3600.88010	0.00032
3598.95140	0.00038
3597.02270	0.00036
3595.09400	0.00040
3593.16530	0.00044
3591.23661	0.00027
3589.30791	0.00009
3587.37921	0.00028
3585.45051	0.00051
3583.52181	0.00040
3581.59311	0.00023
3579.66441	0.00012
3577.73572	0.00010
3575.80702	0.00017
3573.87832	0.00025
3571.94962	0.00020
3570.02092	0.00000
3568.09222	0.00002
3566.16353	0.00049
3564.23483	0.00067
3562.30613	0.00048
3560.37743	0.00032
3558.44873	0.00029
3556.52003	0.00021
3554.59133	0.00013
3552.66264	0.00021
3550.73394	0.00029
3548.80524	0.00021
3546.87654	0.00021
3544.94784	0.00038
3543.01914	0.00047
3541.09044	0.00035
3539.16175	0.00018
3537.23305	0.00011
3535.30435	0.00011
3533.37565	0.00005
3531.44695	-0.00002
3529.51825	-0.00000
3527.58956	0.00004
3525.66086	0.00006
3523.73216	0.00010
3521.80346	0.00017
3519.87476	0.00019
3517.94606	0.00020
3516.01736	0.00021
3514.08867	0.00017
3512.15997	0.00012
3510.23127	0.00009
3508.30257	0.00010
3506.37387	0.00002
3504.44517	-0.00005
3502.51647	0.00007
3500.58778	0.00016
3498.65908	0.00011
3496.73038	0.00007
3494.80168	0.00011
3492.87298	0.00011
3490.94428	0.00006
3489.01559	0.00005
3487.08689	0.00008
3485.15819	0.00006
3483.22949	0.00007
3481.30079	0.00011
3479.37209	0.00014
3477.44339	0.00011
3475.51470	0.00010
3473.58600	0.00008
3471.65730	0.00001
3469.72860	-0.00004
3467.79990	-0.00006
3465.87120	-0.00007
3463.94250	-0.00007
3462.01381	-0.00003
3460.08511	0.00002
3458.15641	0.00001
3456.22771	-0.00001
3454.29901	-0.00000
3452.37031	0.00002
3450.44162	0.00003
3448.51292	0.00004
3446.58422	0.00010
3444.65552	0.00012
3442.72682	0.00008
3440.79812	0.00004
3438.86942	0.00002
3436.94073	0.00003
3435.01203	0.00007
3433.08333	0.00007
3431.15463	0.00005
3429.22593	0.00004
3427.29723	0.00000
3425.36853	-0.00004
3423.43984	-0.00003
3421.51114	0.00004
3419.58244	0.00011
3417.65374	0.00013
3415.72504	0.00013
3413.79634	0.00012
3411.86765	0.00009
3409.93895	0.00008
3408.01025	0.00006
3406.08155	-0.00001
3404.15285	-0.00003
3402.22415	0.00002
3400.29545	0.00007
3398.36676	0.00008
3396.43806	0.00010
3394.50936	0.00005
3392.58066	0.00000
3390.65196	0.00001
3388.72326	0.00000
3386.79456	-0.00003
3384.86587	-0.00004
3382.93717	-0.00001
3381.00847	0.00003
3379.07977	0.00005
3377.15107	0.00004
3375.22237	0.00001
3373.29368	0.00003
3371.36498	0.00004
3369.43628	0.00001
3367.50758	-0.00004
3365.57888	-0.00007
3363.65018	-0.00007
3361.72148	-0.00004
3359.79279	-0.00003
3357.86409	-0.00008
3355.93539	-0.00010
3354.00669	-0.00007
3352.07799	-0.00006
3350.14929	-0.00007
3348.22059	-0.00006
3346.29190	-0.00000
3344.36320	0.00007
3342.43450	0.00009
3340.50580	0.00006
3338.57710	0.00001
3336.64840	-0.00008
3334.71971	-0.00014
3332.79101	-0.00014
3330.86231	-0.00012
3328.93361	-0.00010
3327.00491	-0.00006
3325.07621	-0.00005
3323.14751	-0.00009
3321.21882	-0.00011
3319.29012	-0.00010
3317.36142	-0.00009
3315.43272	-0.00007
3313.50402	-0.00002
3311.57532	0.00002
3309.64662	0.00003
3307.71793	0.00003
3305.78923	0.00000
3303.86053	0.00000
3301.93183	-0.00002
3300.00313	-0.00004
3298.07443	-0.00007
3296.14574	-0.00008
3294.21704	-0.00009
3292.28834	-0.00010
3290.35964	-0.00011
3288.43094	-0.00010
3286.50224	-0.00009
3284.57354	-0.00009
3282.64485	-0.00009
3280.71615	-0.00004
3278.78745	0.00003
3276.85875	0.00003
3274.93005	-0.00002
3273.00135	-0.00002
3271.07265	-0.00001
3269.14396	0.00000
3267.21526	0.00000
3265.28656	-0.00001
3263.35786	-0.00006
3261.42916	-0.00009
3259.50046	-0.00010
3257.57177	-0.00009
3255.64307	-0.00007
3253.71437	-0.00005
3251.78567	-0.00005
3249.85697	-0.00007
3247.92827	-0.00008
3245.99957	-0.00006
3244.07088	-0.00002
3242.14218	0.00000
3240.21348	0.00002
3238.28478	0.00003
3236.35608	0.00001
3234.42738	0.00000
3232.49868	-0.00004
3230.56999	-0.00006
3228.64129	-0.00005
3226.71259	-0.00003
3224.78389	-0.00005
3222.85519	-0.00007
3220.92649	-0.00006
3218.99780	-0.00004
3217.06910	-0.00005
3215.14040	-0.00007
3213.21170	-0.00006
3211.28300	-0.00003
3209.35430	0.00001
3207.42560	0.00004
3205.49691	0.00002
3203.56821	-0.00000
3201.63951	0.00001
3199.71081	0.00002
3197.78211	0.00002
3195.85341	0.00001
3193.92471	-0.00003
3191.99602	-0.00007
3190.06732	-0.00008
3188.13862	-0.00008
3186.20992	-0.00006
3184.28122	-0.00002
3182.35252	-0.00001
3180.42383	-0.00005
3178.49513	-0.00004
3176.56643	-0.00000
3174.63773	0.00002
3172.70903	0.00001
3170.78033	-0.00000
3168.85163	0.00001
3166.92294	0.00003
3164.99424	0.00004
3163.06554	-0.00001
3161.13684	-0.00007
3159.20814	-0.00009
3157.27944	-0.00007
3155.35075	-0.00007
3153.42205	-0.00008
3151.49335	-0.00007
3149.56465	-0.00005
3147.63595	-0.00003
3145.70725	-0.00001
3143.77855	-0.00001
3141.84986	-0.00001
3139.92116	0.00000
3137.99246	0.00001
3136.06376	0.00003
3134.13506	0.00006
3132.20636	0.00008
3130.27766	0.00007
3128.34897	0.00002
3126.42027	-0.00001
3124.49157	-0.00003
3122.56287	-0.00005
3120.63417	-0.00007
3118.70547	-0.00008
3116.77678	-0.00007
3114.84808	-0.00002
3112.91938	0.00001
3110.99068	-0.00001
3109.06198	-0.00003
3107.13328	-0.00002
3105.20458	-0.00001
3103.27589	0.00000
3101.34719	0.00003
3099.41849	0.00005
3097.48979	0.00003
3095.56109	0.00004
3093.63239	0.00001
3091.70369	-0.00001
3089.77500	-0.00004
3087.84630	-0.00007
3085.91760	-0.00006
3083.98890	-0.00002
3082.06020	0.00002
3080.13150	0.00002
3078.20281	-0.00002
3076.27411	-0.00006
3074.34541	-0.00005
3072.41671	0.00000
3070.48801	0.00002
3068.55931	-0.00001
3066.63061	-0.00001
3064.70192	0.00000
3062.77322	0.00001
3060.84452	0.00001
3058.91582	-0.00003
3056.98712	-0.00006
3055.05842	-0.00008
3053.12972	-0.00011
3051.20103	-0.00011
3049.27233	-0.00007
3047.34363	-0.00003
3045.41493	-0.00000
3043.48623	0.00001
3041.55753	0.00003
3039.62884	0.00002
3037.70014	-0.00001
3035.77144	-0.00004
3033.84274	-0.00004
3031.91404	-0.00003
3029.98534	-0.00001
3028.05664	-0.00000
3026.12795	0.00000
3024.19925	-0.00004
3022.27055	-0.00006
3020.34185	-0.00008
3018.41315	-0.00009
3016.48445	-0.00008
3014.55575	-0.00009
3012.62706	-0.00010
3010.69836	-0.00009
3008.76966	-0.00008
3006.84096	-0.00007
3004.91226	-0.00006
3002.98356	-0.00004
3001.05487	-0.00001
2999.12617	0.00000
2997.19747	-0.00000
2995.26877	-0.00000
2993.34007	0.00000
2991.41137	0.00001
2989.48267	0.00004
2987.55398	0.00008
2985.62528	0.00017
2983.69658	0.00042
2981.76788	0.00069
2979.83918	0.00072
2977.91048	0.00056
2975.98178	0.00046
2974.05309	0.00045
2972.12439	0.00045
2970.19569	0.00039
2968.26699	0.00025
2966.33829	0.00013
2964.40959	0.00010
2962.48090	0.00008
2960.55220	0.00004
2958.62350	-0.00000
2956.69480	0.00000
2954.76610	0.00000
2952.83740	-0.00000
2950.90870	-0.00002
2948.98001	-0.00004
2947.05131	-0.00004
2945.12261	-0.00003
2943.19391	0.00000
2941.26521	0.00005
2939.33651	0.00005
2937.40781	0.00001
2935.47912	0.00000
2933.55042	0.00004
2931.62172	0.00012
2929.69302	0.00020
2927.76432	0.00023
2925.83562	0.00025
2923.90693	0.00028
2921.97823	0.00029
2920.04953	0.00024
2918.12083	0.00016
2916.19213	0.00011
2914.26343	0.00009
2912.33473	0.00004
2910.40604	-0.00003
2908.47734	-0.00004
2906.54864	-0.00003
2904.61994	-0.00003
2902.69124	-0.00002
2900.76254	-0.00001
2898.83384	-0.00001
2896.90515	0.00000
2894.97645	0.00001
2893.04775	0.00003
2891.11905	0.00007
2889.19035	0.00011
2887.26165	0.00011
2885.33296	0.00006
2883.40426	0.00005
2881.47556	0.00009
2879.54686	0.00010
2877.61816	0.00005
2875.68946	-0.00001
2873.76076	-0.00004
2871.83207	-0.00003
2869.90337	-0.00001
2867.97467	-0.00000
2866.04597	-0.00001
2864.11727	0.00000
2862.18857	0.00003
2860.25987	0.00009
2858.33118	0.00014
2856.40248	0.00018
2854.47378	0.00023
2852.54508	0.00027
2850.61638	0.00027
2848.68768	0.00023
2846.75899	0.00017
2844.83029	0.00012
2842.90159	0.00006
2840.97289	-0.00002
2839.04419	-0.00007
2837.11549	-0.00006
2835.18679	-0.00006
2833.25810	-0.00005
2831.32940	-0.00004
2829.40070	-0.00001
2827.47200	0.00000
2825.54330	-0.00001
2823.61460	-0.00001
2821.68590	-0.00001
2819.75721	0.00000
2817.82851	0.00001
2815.89981	-0.00003
2813.97111	-0.00004
2812.04241	-0.00006
2810.11371	-0.00007
2808.18502	-0.00005
2806.25632	-0.00003
2804.32762	-0.00001
2802.39892	-0.00001
2800.47022	-0.00002
2798.54152	-0.00002
2796.61282	-0.00002
2794.68413	-0.00001
2792.75543	-0.00001
2790.82673	0.00000
2788.89803	0.00000
2786.96933	0.00002
2785.04063	0.00003
2783.11193	0.00002
2781.18324	-0.00003
2779.25454	-0.00005
2777.32584	-0.00005
2775.39714	-0.00004
2773.46844	-0.00003
2771.53974	-0.00002
2769.61105	-0.00001
2767.68235	-0.00001
2765.75365	-0.00002
2763.82495	-0.00001
2761.89625	-0.00000
2759.96755	0.00001
2758.03885	0.00001
2756.11016	0.00001
2754.18146	0.00002
2752.25276	0.00003
2750.32406	0.00004
2748.39536	0.00006
2746.46666	0.00006
2744.53796	0.00006
2742.60927	0.00004
2740.68057	0.00000
2738.75187	-0.00004
2736.82317	-0.00003
2734.89447	-0.00001
2732.96577	0.00002
2731.03708	0.00003
2729.10838	0.00003
2727.17968	0.00004
2725.25098	0.00004
2723.32228	0.00002
2721.39358	0.00001
2719.46488	0.00002
2717.53619	0.00005
2715.60749	0.00005
2713.67879	0.00004
2711.75009	-0.00001
2709.82139	-0.00006
2707.89269	-0.00007
2705.96399	-0.00007
2704.03530	-0.00006
2702.10660	-0.00005
2700.17790	-0.00003
2698.24920	-0.00001
2696.32050	-0.00001
2694.39180	-0.00002
2692.46311	-0.00002
2690.53441	-0.00000
2688.60571	-0.00000
2686.67701	-0.00002
2684.74831	-0.00002
2682.81961	-0.00001
2680.89091	-0.00000
2678.96222	0.00000
2677.03352	-0.00003
2675.10482	-0.00005
2673.17612	-0.00005
2671.24742	-0.00004
2669.31872	-0.00005
2667.39002	-0.00006
2665.46133	-0.00005
2663.53263	-0.00004
2661.60393	-0.00002
2659.67523	-0.00000
2657.74653	0.00003
2655.81783	0.00006
2653.88914	0.00006
2651.96044	0.00004
2650.03174	0.00003
2648.10304	0.00004
2646.17434	0.00002
2644.24564	0.00000
2642.31694	-0.00002
2640.38825	-0.00004
2638.45955	-0.00006
2636.53085	-0.00006
2634.60215	-0.00005
2632.67345	-0.00005
2630.74475	-0.00005
2628.81605	-0.00002
2626.88736	0.00001
2624.95866	0.00002
2623.02996	-0.00001
2621.10126	-0.00002
2619.17256	0.00001
2617.24386	0.00003
2615.31517	0.00001
2613.38647	0.00000
2611.45777	0.00001
2609.52907	0.00001
2607.60037	0.00001
2605.67167	-0.00000
2603.74297	-0.00001
2601.81428	-0.00003
2599.88558	-0.00003
2597.95688	-0.00003
2596.02818	-0.00003
2594.09948	-0.00003
2592.17078	-0.00003
2590.24208	-0.00003
2588.31339	-0.00003
2586.38469	-0.00001
2584.45599	0.00000
2582.52729	0.00004
2580.59859	0.00005
2578.66989	0.00003
2576.74120	0.00001
2574.81250	0.00000
2572.88380	-0.00005
2570.95510	-0.00003
2569.02640	0.00002
2567.09770	0.00001
2565.16900	-0.00002
2563.24031	-0.00003
2561.31161	-0.00003
2559.38291	-0.00003
2557.45421	-0.00003
2555.52551	-0.00002
2553.59681	-0.00000
2551.66811	0.00001
2549.73942	0.00001
2547.81072	-0.00000
2545.88202	-0.00000
2543.95332	0.00000
2542.02462	0.00002
2540.09592	0.00001
2538.16723	-0.00004
2536.23853	-0.00004
2534.30983	0.00002
2532.38113	0.00006
2530.45243	0.00001
2528.52373	-0.00003
2526.59503	-0.00001
2524.66634	-0.00000
2522.73764	-0.00002
2520.80894	-0.00002
2518.88024	-0.00001
2516.95154	-0.00001
2515.02284	-0.00001
2513.09414	-0.00000
2511.16545	-0.00000
2509.23675	0.00000
2507.30805	0.00002
2505.37935	0.00005
2503.45065	0.00005
2501.52195	0.00002
2499.59326	0.00001
2497.66456	0.00000
2495.73586	0.00001
2493.80716	0.00003
2491.87846	0.00002
2489.94976	-0.00001
2488.02106	-0.00002
2486.09237	-0.00001
2484.16367	-0.00001
2482.23497	0.00002
2480.30627	0.00004
2478.37757	0.00003
2476.44887	0.00001
2474.52017	0.00003
2472.59148	0.00006
2470.66278	0.00003
2468.73408	-0.00003
2466.80538	-0.00003
2464.87668	0.00004
2462.94798	0.00008
2461.01929	0.00006
2459.09059	0.00002
2457.16189	0.00002
2455.23319	0.00006
2453.30449	0.00008
2451.37579	0.00005
2449.44709	0.00002
2447.51840	0.00001
2445.58970	0.00003
2443.66100	0.00004
2441.73230	0.00002
2439.80360	0.00002
2437.87490	0.00004
2435.94620	0.00007
2434.01751	0.00010
2432.08881	0.00011
2430.16011	0.00009
2428.23141	0.00003
2426.30271	-0.00000
2424.37401	0.00000
2422.44532	0.00002
2420.51662	0.00005
2418.58792	0.00007
2416.65922	0.00010
2414.73052	0.00014
2412.80182	0.00018
2410.87312	0.00018
2408.94443	0.00012
2407.01573	0.00006
2405.08703	0.00002
2403.15833	0.00003
2401.22963	0.00003
2399.30093	0.00003
2397.37223	0.00003
2395.44354	0.00003
2393.51484	0.00003
2391.58614	0.00002
2389.65744	0.00002
2387.72874	0.00002
2385.80004	0.00002
2383.87135	0.00003
2381.94265	0.00012
2380.01395	0.00028
2378.08525	0.00054
2376.15655	0.00088
2374.22785	0.00126
2372.29915	0.00171
2370.37046	0.00223
2368.44176	0.00276
2366.51306	0.00323
2364.58436	0.00367
2362.65566	0.00396
2360.72696	0.00399
2358.79826	0.00382
2356.86957	0.00346
2354.94087	0.00290
2353.01217	0.00219
2351.08347	0.00147
2349.15477	0.00101
2347.22607	0.00103
2345.29738	0.00156
2343.36868	0.00219
2341.43998	0.00243
2339.51128	0.00228
2337.58258	0.00200
2335.65388	0.00191
2333.72518	0.00196
2331.79649	0.00195
2329.86779	0.00190
2327.93909	0.00203
2326.01039	0.00242
2324.08169	0.00267
2322.15299	0.00242
2320.22429	0.00190
2318.29560	0.00146
2316.36690	0.00110
2314.43820	0.00079
2312.50950	0.00057
2310.58080	0.00045
2308.65210	0.00035
2306.72341	0.00022
2304.79471	0.00008
2302.86601	0.00005
2300.93731	0.00008
2299.00861	0.00006
2297.07991	0.00002
2295.15121	0.00000
2293.22252	0.00001
2291.29382	0.00016
2289.36512	0.00035
2287.43642	0.00044
2285.50772	0.00037
2283.57902	0.00023
2281.65032	0.00012
2279.72163	0.00007
2277.79293	0.00003
2275.86423	0.00001
2273.93553	0.00001
2272.00683	0.00001
2270.07813	0.00003
2268.14944	0.00007
2266.22074	0.00007
2264.29204	0.00004
2262.36334	0.00001
2260.43464	0.00003
2258.50594	0.00013
2256.57724	0.00015
2254.64855	0.00003
2252.71985	-0.00000
2250.79115	0.00003
2248.86245	0.00005
2246.93375	0.00004
2245.00505	0.00000
2243.07635	0.00000
2241.14766	0.00007
2239.21896	0.00012
2237.29026	0.00008
2235.36156	0.00001
2233.43286	0.00000
2231.50416	0.00000
2229.57547	0.00001
2227.64677	0.00007
2225.71807	0.00023
2223.78937	0.00034
2221.86067	0.00022
2219.93197	-0.00000
2218.00327	0.00000
2216.07458	0.00020
2214.14588	0.00032
2212.21718	0.00030
2210.28848	0.00024
2208.35978	0.00018
2206.43108	0.00018
2204.50238	0.00031
2202.57369	0.00055
2200.64499	0.00072
2198.71629	0.00068
2196.78759	0.00066
2194.85889	0.00090
2192.93019	0.00116
2191.00150	0.00124
2189.07280	0.00130
2187.14410	0.00144
2185.21540	0.00158
2183.28670	0.00150
2181.35800	0.00124
2179.42930	0.00119
2177.50061	0.00132
2175.57191	0.00131
2173.64321	0.00133
2171.71451	0.00175
2169.78581	0.00258
2167.85711	0.00326
2165.92841	0.00348
2163.99972	0.00357
2162.07102	0.00360
2160.14232	0.00267
2158.21362	0.00087
2156.28492	0.00000
2154.35622	0.00023
2152.42753	0.00084
2150.49883	0.00119
2148.57013	0.00114
2146.64143	0.00085
2144.71273	0.00062
2142.78403	0.00068
2140.85533	0.00085
2138.92664	0.00088
2136.99794	0.00071
2135.06924	0.00034
2133.14054	0.00002
2131.21184	-0.00001
2129.28314	0.00011
2127.35444	0.00026
2125.42575	0.00042
2123.49705	0.00054
2121.56835	0.00063
2119.63965	0.00073
2117.71095	0.00086
2115.78225	0.00100
2113.85356	0.00106
2111.92486	0.00098
2109.99616	0.00082
2108.06746	0.00074
2106.13876	0.00075
2104.21006	0.00075
2102.28136	0.00073
2100.35267	0.00066
2098.42397	0.00047
2096.49527	0.00018
2094.56657	0.00000
2092.63787	0.00003
2090.70917	0.00012
2088.78047	0.00016
2086.85178	0.00023
2084.92308	0.00030
2082.99438	0.00029
2081.06568	0.00024
2079.13698	0.00021
2077.20828	0.00021
2075.27959	0.00022
2073.35089	0.00022
2071.42219	0.00023
2069.49349	0.00017
2067.56479	0.00009
2065.63609	0.00012
2063.70739	0.00020
2061.77870	0.00018
2059.85000	0.00009
2057.92130	0.00000
2055.99260	0.00001
2054.06390	0.00031
2052.13520	0.00093
2050.20650	0.00129
2048.27781	0.00101
2046.34911	0.00060
2044.42041	0.00045
2042.49171	0.00043
2040.56301	0.00048
2038.63431	0.00054
2036.70562	0.00047
2034.77692	0.00021
2032.84822	0.00002
2030.91952	0.00001
2028.99082	0.00005
2027.06212	0.00017
2025.13342	0.00022
2023.20473	0.00013
2021.27603	0.00005
2019.34733	0.00001
2017.41863	0.00001
2015.48993	0.00003
2013.56123	0.00011
2011.63253	0.00027
2009.70384	0.00046
2007.77514	0.00041
2005.84644	0.00011
2003.91774	0.00000
2001.98904	0.00010
2000.06034	0.00031
1998.13165	0.00051
1996.20295	0.00060
1994.27425	0.00061
1992.34555	0.00073
1990.41685	0.00084
1988.48815	0.00087
1986.55945	0.00097
1984.63076	0.00119
1982.70206	0.00161
1980.77336	0.00206
1978.84466	0.00188
1976.91596	0.00099
1974.98726	0.00030
1973.05856	0.00016
1971.12987	0.00018
1969.20117	0.00015
1967.27247	0.00017
1965.34377	0.00028
1963.41507	0.00031
1961.48637	0.00017
1959.55768	0.00000
1957.62898	0.00000
1955.70028	0.00019
1953.77158	0.00043
1951.84288	0.00054
1949.91418	0.00052
1947.98548	0.00038
1946.05679	0.00024
1944.12809	0.00017
1942.19939	0.00013
1940.27069	0.00007
1938.34199	0.00007
1936.41329	0.00013
1934.48459	0.00017
1932.55590	0.00016
1930.62720	0.00010
1928.69850	0.00003
1926.76980	0.00000
1924.84110	0.00001
1922.91240	0.00008
1920.98371	0.00011
1919.05501	0.00004
1917.12631	-0.00002
1915.19761	-0.00002
1913.26891	0.00000
1911.34021	0.00001
1909.41151	0.00001
1907.48282	0.00003
1905.55412	0.00005
1903.62542	0.00002
1901.69672	-0.00002
1899.76802	-0.00003
1897.83932	-0.00002
1895.91062	0.00003
1893.98193	0.00007
1892.05323	0.00009
1890.12453	0.00009
1888.19583	0.00001
1886.26713	-0.00005
1884.33843	-0.00005
1882.40974	-0.00003
1880.48104	-0.00001
1878.55234	0.00004
1876.62364	0.00008
1874.69494	0.00007
1872.76624	0.00003
1870.83754	0.00000
1868.90885	0.00000
1866.98015	0.00006
1865.05145	0.00006
1863.12275	0.00004
1861.19405	0.00002
1859.26535	0.00000
1857.33665	-0.00001
1855.40796	-0.00003
1853.47926	-0.00003
1851.55056	-0.00004
1849.62186	-0.00004
1847.69316	-0.00005
1845.76446	-0.00004
1843.83577	0.00002
1841.90707	0.00004
1839.97837	0.00000
1838.04967	-0.00000
1836.12097	0.00002
1834.19227	0.00000
1832.26357	-0.00001
1830.33488	-0.00001
1828.40618	0.00002
1826.47748	0.00007
1824.54878	0.00017
1822.62008	0.00023
1820.69138	0.00017
1818.76268	0.00004
1816.83399	-0.00004
1814.90529	-0.00004
1812.97659	0.00001
1811.04789	0.00007
1809.11919	0.00009
1807.19049	0.00007
1805.26180	0.00003
1803.33310	0.00000
1801.40440	0.00001
1799.47570	0.00006
1797.54700	0.00005
1795.61830	-0.00000
1793.68960	-0.00002
1791.76091	0.00005
1789.83221	0.00008
1787.90351	0.00003
1785.97481	-0.00002
1784.04611	-0.00003
1782.11741	-0.00003
1780.18871	0.00001
1778.26002	0.00006
1776.33132	0.00004
1774.40262	0.00001
1772.47392	0.00000
1770.54522	0.00006
1768.61652	0.00006
1766.68783	0.00004
1764.75913	-0.00000
1762.83043	-0.00002
1760.90173	-0.00002
1758.97303	-0.00002
1757.04433	-0.00001
1755.11563	0.00000
1753.18694	-0.00005
1751.25824	-0.00005
1749.32954	0.00002
1747.40084	0.00012
1745.47214	0.00015
1743.54344	0.00010
1741.61474	0.00003
1739.68605	0.00002
1737.75735	0.00002
1735.82865	0.00000
1733.89995	0.00013
1731.97125	0.00025
1730.04255	0.00022
1728.11386	0.00019
1726.18516	0.00014
1724.25646	0.00009
1722.32776	0.00003
1720.39906	-0.00003
1718.47036	-0.00002
1716.54166	0.00030
1714.61297	0.00038
1712.68427	0.00022
1710.75557	0.00006
1708.82687	-0.00005
1706.89817	-0.00005
1704.96947	0.00003
1703.04077	0.00001
1701.11208	0.00000
1699.18338	0.00024
1697.25468	0.00050
1695.32598	0.00078
1693.39728	0.00084
1691.46858	0.00074
1689.53989	0.00076
1687.61119	0.00079
1685.68249	0.00089
1683.75379	0.00155
1681.82509	0.00200
1679.89639	0.00198
1677.96769	0.00192
1676.03900	0.00208
1674.11030	0.00244
1672.18160	0.00260
1670.25290	0.00289
1668.32420	0.00344
1666.39550	0.00357
1664.46680	0.00358
1662.53811	0.00393
1660.60941	0.00428
1658.68071	0.00429
1656.75201	0.00408
1654.82331	0.00396
1652.89461	0.00482
1650.96592	0.00528
1649.03722	0.00505
1647.10852	0.00525
1645.17982	0.00560
1643.25112	0.00545
1641.32242	0.00521
1639.39372	0.00502
1637.46503	0.00493
1635.53633	0.00532
1633.60763	0.00545
1631.67893	0.00512
1629.75023	0.00480
1627.82153	0.00461
1625.89283	0.00441
1623.96414	0.00425
1622.03544	0.00414
1620.10674	0.00385
1618.17804	0.00353
1616.24934	0.00346
1614.32064	0.00332
1612.39195	0.00300
1610.46325	0.00272
1608.53455	0.00256
1606.60585	0.00242
1604.67715	0.00225
1602.74845	0.00211
1600.81975	0.00201
1598.89106	0.00187
1596.96236	0.00173
1595.03366	0.00165
1593.10496	0.00156
1591.17626	0.00145
1589.24756	0.00133
1587.31886	0.00121
1585.39017	0.00106
1583.46147	0.00092
1581.53277	0.00078
1579.60407	0.00061
1577.67537	0.00049
1575.74667	0.00057
1573.81798	0.00053
1571.88928	0.00032
1569.96058	0.00025
1568.03188	0.00033
1566.10318	0.00030
1564.17448	0.00021
1562.24578	0.00007
1560.31709	0.00000
1558.38839	0.00047
1556.45969	0.00068
1554.53099	0.00055
1552.60229	0.00046
1550.67359	0.00044
1548.74490	0.00041
1546.81620	0.00028
1544.88750	0.00014
1542.95880	0.00013
1541.03010	0.00038
1539.10140	0.00063
1537.17270	0.00046
1535.24401	0.00024
1533.31531	0.00021
1531.38661	0.00024
1529.45791	0.00014
1527.52921	0.00007
1525.60051	0.00006
1523.67181	0.00000
1521.74312	0.00005
1519.81442	0.00019
1517.88572	0.00021
1515.95702	0.00027
1514.02832	0.00031
1512.09962	0.00025
1510.17093	0.00014
1508.24223	0.00012
1506.31353	0.00044
1504.38483	0.00054
1502.45613	0.00041
1500.52743	0.00025
1498.59873	0.00019
1496.67004	0.00023
1494.74134	0.00020
1492.81264	0.00008
1490.88394	0.00000
1488.95524	-0.00001
1487.02654	0.00005
1485.09784	0.00002
1483.16915	-0.00003
1481.24045	-0.00004
1479.31175	-0.00005
1477.38305	-0.00006
1475.45435	-0.00007
1473.52565	0.00021
1471.59696	0.00058
1469.66826	0.00060
1467.73956	0.00048
1465.81086	0.00050
1463.88216	0.00068
1461.95346	0.00068
1460.02476	0.00049
1458.09607	0.00045
1456.16737	0.00075
1454.23867	0.00077
1452.30997	0.00061
1450.38127	0.00048
1448.45257	0.00045
1446.52387	0.00045
1444.59518	0.00037
1442.66648	0.00025
1440.73778	0.00012
1438.80908	0.00000
1436.88038	0.00001
1434.95168	0.00014
1433.02299	0.00012
1431.09429	0.00009
1429.16559	0.00014
1427.23689	0.00016
1425.30819	0.00019
1423.37949	0.00027
1421.45079	0.00028
1419.52210	0.00035
1417.59340	0.00055
1415.66470	0.00056
1413.73600	0.00046
1411.80730	0.00038
1409.87860	0.00031
1407.94990	0.00023
1406.02121	0.00021
1404.09251	0.00025
1402.16381	0.00023
1400.23511	0.00021
1398.30641	0.00027
1396.37771	0.00033
1394.44902	0.00037
1392.52032	0.00037
1390.59162	0.00033
1388.66292	0.00032
1386.73422	0.00041
1384.80552	0.00047
1382.87682	0.00048
1380.94813	0.00048
1379.01943	0.00046
1377.09073	0.00043
1375.16203	0.00042
1373.23333	0.00040
1371.30463	0.00032
1369.37593	0.00024
1367.44724	0.00017
1365.51854	0.00007
1363.58984	0.00000
1361.66114	0.00001
1359.73244	0.00002
1357.80374	0.00000
1355.87505	-0.00001
1353.94635	0.00000
1352.01765	-0.00002
1350.08895	-0.00004
1348.16025	-0.00005
1346.23155	-0.00006
1344.30285	-0.00007
1342.37416	-0.00008
1340.44546	-0.00009
1338.51676	-0.00002
1336.58806	0.00003
1334.65936	0.00003
1332.73066	0.00001
1330.80196	-0.00001
1328.87327	-0.00001
1326.94457	0.00001
1325.01587	0.00000
1323.08717	0.00000
1321.15847	-0.00000
1319.22977	0.00002
1317.30108	0.00002
1315.37238	-0.00001
1313.44368	-0.00003
1311.51498	-0.00004
1309.58628	-0.00007
1307.65758	-0.00008
1305.72888	-0.00008
1303.80019	-0.00010
1301.87149	-0.00011
1299.94279	-0.00012
1298.01409	-0.00013
1296.08539	-0.00012
1294.15669	-0.00009
1292.22799	-0.00007
1290.29930	-0.00004
1288.37060	0.00004
1286.44190	0.00003
1284.51320	0.00001
1282.58450	-0.00000
1280.65580	-0.00002
1278.72711	-0.00002
1276.79841	-0.00004
1274.86971	-0.00005
1272.94101	-0.00004
1271.01231	-0.00003
1269.08361	-0.00004
1267.15491	-0.00008
1265.22622	-0.00009
1263.29752	-0.00008
1261.36882	-0.00009
1259.44012	-0.00012
1257.51142	-0.00011
1255.58272	-0.00006
1253.65402	0.00000
1251.72533	-0.00001
1249.79663	-0.00002
1247.86793	-0.00001
1245.93923	0.00004
1244.01053	0.00009
1242.08183	0.00012
1240.15314	0.00014
1238.22444	0.00014
1236.29574	0.00013
1234.36704	0.00011
1232.43834	0.00008
1230.50964	0.00004
1228.58094	0.00000
1226.65225	-0.00001
1224.72355	-0.00003
1222.79485	-0.00006
1220.86615	-0.00005
1218.93745	0.00000
1217.00875	-0.00001
1215.08005	-0.00002
1213.15136	-0.00002
1211.22266	-0.00003
1209.29396	-0.00005
1207.36526	-0.00006
1205.43656	-0.00007
1203.50786	-0.00008
1201.57917	-0.00009
1199.65047	-0.00011
1197.72177	-0.00010
1195.79307	-0.00011
1193.86437	-0.00013
1191.93567	-0.00013
1190.00697	-0.00014
1188.07828	-0.00012
1186.14958	-0.00007
1184.22088	0.00001
1182.29218	-0.00000
1180.36348	-0.00001
1178.43478	-0.00002
1176.50608	-0.00003
1174.57739	0.00004
1172.64869	0.00019
1170.71999	0.00038
1168.79129	0.00058
1166.86259	0.00080
1164.93389	0.00100
1163.00520	0.00104
1161.07650	0.00087
1159.14780	0.00054
1157.21910	0.00021
1155.29040	-0.00002
1153.36170	-0.00008
1151.43300	-0.00003
1149.50431	0.00003
1147.57561	0.00002
1145.64691	0.00000
1143.71821	-0.00000
1141.78951	0.00004
1139.86081	0.00014
1137.93211	0.00029
1136.00342	0.00045
1134.07472	0.00064
1132.14602	0.00091
1130.21732	0.00121
1128.28862	0.00151
1126.35992	0.00182
1124.43123	0.00216
1122.50253	0.00253
1120.57383	0.00291
1118.64513	0.00328
1116.71643	0.00365
1114.78773	0.00402
1112.85903	0.00439
1110.93034	0.00475
1109.00164	0.00511
1107.07294	0.00549
1105.14424	0.00590
1103.21554	0.00639
1101.28684	0.00692
1099.35814	0.00746
1097.42945	0.00796
1095.50075	0.00842
1093.57205	0.00886
1091.64335	0.00932
1089.71465	0.00976
1087.78595	0.01013
1085.85726	0.01048
1083.92856	0.01082
1081.99986	0.01111
1080.07116	0.01134
1078.14246	0.01159
1076.21376	0.01191
1074.28506	0.01225
1072.35637	0.01254
1070.42767	0.01283
1068.49897	0.01322
1066.57027	0.01377
1064.64157	0.01438
1062.71287	0.01498
1060.78417	0.01559
1058.85548	0.01623
1056.92678	0.01689
1054.99808	0.01760
1053.06938	0.01837
1051.14068	0.01918
1049.21198	0.02004
1047.28329	0.02100
1045.35459	0.02208
1043.42589	0.02320
1041.49719	0.02431
1039.56849	0.02544
1037.63979	0.02657
1035.71109	0.02764
1033.78240	0.02863
1031.85370	0.02951
1029.92500	0.03025
1027.99630	0.03087
1026.06760	0.03142
1024.13890	0.03191
1022.21020	0.03233
1020.28151	0.03269
1018.35281	0.03304
1016.42411	0.03339
1014.49541	0.03377
1012.56671	0.03425
1010.63801	0.03481
1008.70932	0.03537
1006.78062	0.03580
1004.85192	0.03606
1002.92322	0.03621
1000.99452	0.03629
999.06582	0.03629
997.13712	0.03620
995.20843	0.03606
993.27973	0.03586
991.35103	0.03556
989.42233	0.03518
987.49363	0.03477
985.56493	0.03434
983.63623	0.03387
981.70754	0.03333
979.77884	0.03273
977.85014	0.03206
975.92144	0.03132
973.99274	0.03051
972.06404	0.02967
970.13535	0.02880
968.20665	0.02788
966.27795	0.02687
964.34925	0.02584
962.42055	0.02489
960.49185	0.02400
958.56315	0.02312
956.63446	0.02225
954.70576	0.02144
952.77706	0.02070
950.84836	0.02000
948.91966	0.01929
946.99096	0.01867
945.06226	0.01815
943.13357	0.01767
941.20487	0.01723
939.27617	0.01685
937.34747	0.01650
935.41877	0.01615
933.49007	0.01578
931.56138	0.01542
929.63268	0.01511
927.70398	0.01486
925.77528	0.01469
923.84658	0.01461
921.91788	0.01462
919.98918	0.01476
918.06049	0.01497
916.13179	0.01519
914.20309	0.01538
912.27439	0.01547
910.34569	0.01536
908.41699	0.01496
906.48829	0.01430
904.55960	0.01350
902.63090	0.01265
900.70220	0.01177
898.77350	0.01088
896.84480	0.01005
894.91610	0.00936
892.98741	0.00870
891.05871	0.00796
889.13001	0.00723
887.20131	0.00662
885.27261	0.00613
883.34391	0.00570
881.41521	0.00530
879.48652	0.00492
877.55782	0.00454
875.62912	0.00415
873.70042	0.00374
871.77172	0.00332
869.84302	0.00291
867.91432	0.00246
865.98563	0.00201
864.05693	0.00163
862.12823	0.00130
860.19953	0.00101
858.27083	0.00070
856.34213	0.00038
854.41344	0.00014
852.48474	0.00000
850.55604	-0.00002
848.62734	-0.00003
846.69864	-0.00004
844.76994	-0.00006
842.84124	-0.00007
840.91255	-0.00008
838.98385	-0.00010
837.05515	0.00000
835.12645	0.00017
833.19775	0.00032
831.26905	0.00036
829.34035	0.00032
827.41166	0.00020
825.48296	0.00007
823.55426	-0.00002
821.62556	-0.00007
819.69686	-0.00013
817.76816	-0.00015
815.83947	-0.00016
813.91077	-0.00013
811.98207	0.00008
810.05337	0.00055
808.12467	0.00137
806.19597	0.00253
804.26727	0.00391
802.33858	0.00532
800.40988	0.00650
798.48118	0.00722
796.55248	0.00739
794.62378	0.00718
792.69508	0.00680
790.76638	0.00644
788.83769	0.00624
786.90899	0.00625
784.98029	0.00645
783.05159	0.00680
781.12289	0.00723
779.19419	0.00751
777.26550	0.00751
775.33680	0.00725
773.40810	0.00678
771.47940	0.00625
769.55070	0.00579
767.62200	0.00539
765.69330	0.00504
763.76461	0.00476
761.83591	0.00461
759.90721	0.00454
757.97851	0.00442
756.04981	0.00425
754.12111	0.00408
752.19241	0.00391
750.26372	0.00371
748.33502	0.00347
746.40632	0.00323
744.47762	0.00295
742.54892	0.00265
740.62022	0.00238
738.69153	0.00208
736.76283	0.00165
734.83413	0.00121
732.90543	0.00085
730.97673	0.00059
729.04803	0.00044
727.11933	0.00040
725.19064	0.00039
723.26194	0.00039
721.33324	0.00039
719.40454	0.00033
717.47584	0.00020
715.54714	0.00006
713.61844	0.00000
711.68975	-0.00002
709.76105	-0.00002
707.83235	0.00008
705.90365	0.00027
703.97495	0.00068
702.04625	0.00135
700.11756	0.00216
698.18886	0.00304
696.26016	0.00384
694.33146	0.00431
692.40276	0.00440
690.47406	0.00428
688.54536	0.00408
686.61667	0.00382
684.68797	0.00342
682.75927	0.00297
680.83057	0.00260
678.90187	0.00232
676.97317	0.00210
675.04447	0.00193
673.11578	0.00182
671.18708	0.00178
669.25838	0.00174
667.32968	0.00125
665.40098	0.00059
663.47228	0.00027
661.54359	0.00030
659.61489	0.00044
657.68619	0.00044
655.75749	0.00036
653.82879	0.00034
651.90009	0.00035
649.97139	0.00043
648.04270	0.00066
646.11400	0.00087
644.18530	0.00088
642.25660	0.00072
640.32790	0.00055
638.39920	0.00047
636.47050	0.00047
634.54181	0.00044
632.61311	0.00031
630.68441	0.00015
628.75571	0.00010
626.82701	0.00006
624.89831	0.00003
622.96962	0.00000
621.04092	-0.00002
619.11222	-0.00003
617.18352	-0.00006
615.25482	-0.00007
613.32612	-0.00006
611.39742	-0.00010
609.46873	-0.00014
607.54003	-0.00012
605.61133	-0.00001
603.68263	0.00004
601.75393	0.00007
599.82523	0.00010
597.89653	0.00014
595.96784	0.00032
594.03914	0.00055
592.11044	0.00046
590.18174	0.00035
588.25304	0.00019
586.32434	0.00011
584.39565	0.00017
582.46695	0.00026
580.53825	0.00035
578.60955	0.00028
576.68085	0.00008
574.75215	-0.00001
572.82345	-0.00003
570.89476	-0.00001
568.96606	0.00032
567.03736	0.00062
565.10866	0.00075
563.17996	0.00076
561.25126	0.00077
559.32256	0.00097
557.39387	0.00137
555.46517	0.00172
553.53647	0.00200
551.60777	0.00237
549.67907	0.00275
547.75037	0.00313
545.82168	0.00366
543.89298	0.00448
541.96428	0.00553
540.03558	0.00661
538.10688	0.00759
536.17818	0.00833
534.24948	0.00886
532.32079	0.00937
530.39209	0.00975
528.46339	0.00984
526.53469	0.00974
524.60599	0.00953
522.67729	0.00920
520.74859	0.00876
518.81990	0.00820
516.89120	0.00770
514.96250	0.00722
513.03380	0.00647
511.10510	0.00544
509.17640	0.00445
507.24771	0.00366
505.31901	0.00296
503.39031	0.00239
501.46161	0.00205
499.53291	0.00168
497.60421	0.00122
495.67551	0.00095
493.74682	0.00105
491.81812	0.00130
489.88942	0.00155
487.96072	0.00194
486.03202	0.00268
484.10332	0.00379
482.17462	0.00491
480.24593	0.00597
478.31723	0.00728
476.38853	0.00860
474.45983	0.00985
472.53113	0.01182
470.60243	0.01422
468.67374	0.01572
466.74504	0.01621
464.81634	0.01612
462.88764	0.01618
460.95894	0.01682
459.03024	0.01760
457.10154	0.01778
455.17285	0.01727
453.24415	0.01665
451.31545	0.01615
449.38675	0.01566
447.45805	0.01500
445.52935	0.01433
443.60065	0.01423
441.67196	0.01468
439.74326	0.01484
437.81456	0.01446
435.88586	0.01418
433.95716	0.01417
432.02846	0.01375
430.09977	0.01314
428.17107	0.01294
426.24237	0.01291
424.31367	0.01250
422.38497	0.01168
420.45627	0.01124
418.52757	0.01157
416.59888	0.01146
414.67018	0.01064
412.74148	0.00921
410.81278	0.00724
408.88408	0.00506
406.95538	0.00317
405.02668	0.00187
403.09799	0.00076
401.16929	0.00000
399.24059	0.00000
